total	mapped	paired	plate	sampleName	pc_mapped	balance_coeff
74026	39189	27268	bn1	1106666165	0.529395077405236	4.841969685370895
107324	50286	34776	bn1	1117532950	0.46854384853341285	3.773454838324783
117902	60064	42958	bn1	1147452927	0.5094400434258961	3.159162726425146
72050	42328	31212	bn1	1147453268	0.5874809160305343	4.482894301644302
84312	46031	33300	bn1	1148499593	0.5459602429072967	4.1222643435945345
83510	48899	36226	bn1	1148499595	0.5855466411208239	3.8804873310292645
185442	89722	60222	bn1	1148499596	0.48382782756872766	2.114887652972515
182494	97283	69550	bn1	1148499600	0.5330750600019727	1.9505149923419305
112630	52014	33156	bn1	1148499601	0.4618130160703187	3.6480937824431887
92250	40315	28136	bn1	1148499609	0.43701897018970187	4.70673322584646
103958	54324	39172	bn1	1148499619	0.5225571865561092	3.4929671968190856
114486	61360	44238	bn1	1148499620	0.5359607288227382	3.0924372555410695
98584	56354	40584	bn1	1148499630	0.5716343422867808	3.367142527593428
143454	79231	57528	bn1	1148499642	0.5523094511132488	2.394920548775101
111058	60494	43812	bn1	1148499643	0.5447063696446902	3.1367069461434194
115904	62914	47824	bn1	1148499654	0.5428112921038101	3.016052865816829
143272	68802	47112	bn1	1148499657	0.48021944273828804	2.7579423563268506
115048	58005	41018	bn1	1148499659	0.5041808636395244	3.271303335919317
80288	34353	25114	bn1	1148499670	0.4278721602231965	5.523591826041393
91270	48082	34862	bn1	1148499674	0.5268105620685877	3.946423817644857
74926	40289	30578	bn1	1148499677	0.5377172143181272	4.709770657003153
110132	50547	31680	bn1	1148499683	0.4589674209130861	3.7539705620511605
88890	39724	28304	bn1	1148499752	0.44688941388232645	4.776758382841607
142560	79007	58582	bn1	1148499781	0.5542017396184062	2.4017106079208173
90308	39043	27776	bn1	1148499783	0.4323315763830447	4.860076069974131
101018	23373	15836	bn1	1148499799	0.23137460650577124	8.118425105891413
157716	75524	54352	bn1	1148499800	0.4788607370209744	2.512472194269371
80272	45747	33384	bn1	1148499806	0.5698998405421567	4.147855597088334
674	382	284	bn1	1148499814	0.5667655786350149	496.73285340314135
121134	58693	40104	bn1	1148499816	0.484529529281622	3.2329570817644355
128662	49689	32926	bn1	1148499817	0.38619794500318666	3.8187918855279843
78884	42076	29978	bn1	1148499820	0.5333908016834846	4.509743083943341
150860	74789	53714	bn1	1148499825	0.4957510274426621	2.537163887737502
63322	32683	23006	bn1	1148499838	0.5161397302675216	5.805830248141236
65266	20534	14064	bn1	1148499839	0.31462016976680046	9.240866367975066
63270	34510	25356	bn1	1148499843	0.5454401770191244	5.498462764416112
98378	55529	40532	bn1	1148499857	0.5644453028116042	3.4171685065461292
174114	90918	65452	bn1	1148499865	0.5221751266411662	2.087066917442091
107362	54798	38868	bn1	1148499866	0.510404053575753	3.4627532026716303
91736	45357	33216	bn1	1148499867	0.4944296677422168	4.183520735498379
59940	26658	15248	bn1	1148499883	0.44474474474474474	7.118011478730587
128910	62924	45746	bn1	1148499885	0.4881234970134202	3.0155735490432902
65622	35513	23080	bn1	1148499897	0.5411752156289049	5.343168698786361
98798	55513	42924	bn1	1148499904	0.5618838438025061	3.41815340550862
89640	60304	47858	bn1	1148499918	0.672735385988398	3.1465897784558243
110668	70842	55726	bn1	1148499937	0.6401308417970868	2.6785233336156518
77944	40260	30166	bn1	1148499953	0.516524684388792	4.713163189269746
94246	47272	34342	bn1	1148500020	0.5015809689535895	4.014045312235573
66564	32849	22898	bn1	1148500086	0.49349498227269994	5.776490912965388
87860	51055	37228	bn1	1148500107	0.5810949237423173	3.716618352756831
146404	63273	43986	bn1	1148500181	0.43218081473183795	2.9989403062917837
98532	43559	27950	bn1	1148500211	0.4420797304429018	4.356205376615625
64166	35179	25782	bn1	1148500212	0.5482498519465138	5.393898348446516
25000	11656	8510	bn1	1148500240	0.46624	16.279336822237475
108766	52066	37276	bn1	1148500256	0.47869738705110054	3.644450313064188
97788	41781	28234	bn1	1148500454	0.42726101362130325	4.541584691606233
83560	44993	32286	bn1	1148500457	0.5384514121589277	4.217366034716512
111486	61189	43824	bn1	1148500468	0.5488491828570403	3.101079442383435
55200	22471	15330	bn1	1148500503	0.40708333333333335	8.444303769302657
50950	5144	3636	bn1	1148500512	0.10096172718351325	36.88801516329705
127768	69287	50496	bn1	1148500514	0.5422875837455388	2.738637118074098
163060	83474	57816	bn1	1148500516	0.5119219919048204	2.2731862615904355
96556	49745	35630	bn1	1148500523	0.5151932557272464	3.81449291386069
76390	36896	27384	bn1	1148500532	0.48299515643408825	5.142886762792715
53644	26295	17502	bn1	1148500543	0.4901759749459399	7.216274957216202
95622	18101	8984	bn1	1149103841	0.18929744201125265	10.482953980443071
290534	87782	68102	bn1	1149104054	0.30214019701652817	2.161627098949671
299958	44149	34556	bn1	1149104510	0.1471839390848052	4.297989761942513
263054	77881	57672	bn1	1149104616	0.2960646863381663	2.436434432018079
176506	60870	44120	bn1	1149108373	0.3448607979332147	3.117331197634303
98840	23305	15610	bn1	NAMP1-NEG-1	0.23578510724403076	8.14211328041193
84980	30544	21248	bn1	NAMP1-NEG-11	0.35942574723464343	6.212413239916188
106304	16307	11188	bn1	NAMP1-NEG-2	0.15339968392534617	11.636226773778132
88792	19629	13194	bn1	NAMP1-NEG-3	0.22106721326245607	9.666918844566714
110638	29681	20114	bn1	NAMP1-NEG-4	0.26827129919195936	6.393044371820357
94194	55614	41280	bn1	NAMP1-NEG-5	0.5904197719599974	3.411945733088791
77902	45269	33544	bn1	NAMP1-NEG-7	0.5811018972555262	4.19165322847865
91634	52447	38458	bn1	NAMP1-NEG-9	0.5723530567256695	3.6179752893397144
1918188	594095	391874	bn1	Undetermined	0.3097167743724807	0.31939664531766804
69028	25603	19828	m2	8025874336	0.37090745784319407	3.378082646564856
93840	25504	19288	m2	8025874394	0.27178175618073314	3.3911954987452955
114196	38144	28444	m2	8025874838	0.3340222074328348	2.2674352453859057
103652	35774	26764	m2	8025874853	0.34513564620074866	2.4176510873818975
115736	31687	24088	m2	8025875150	0.27378689431119096	2.7294805440717016
94798	13646	10142	m2	8034210892	0.1439481845608557	6.338051443646491
108730	42760	32300	m2	8034210897	0.3932677273981422	2.0226625350795135
190410	37200	27928	m2	8034210919	0.1953678903418938	2.3249744623655917
90386	36981	28054	m2	8034210928	0.40914522160511585	2.338742867959222
72924	28171	22380	m2	8034210934	0.38630629148154244	3.0701448297895
98392	27752	20910	m2	8034210937	0.2820554516627368	3.1164979100605366
81840	26657	19864	m2	8034210952	0.3257209188660802	3.244515511873054
110930	28750	21622	m2	8034210953	0.2591724510952853	3.008314782608696
68542	20691	15932	m2	8034210960	0.301873303959616	4.180032381228553
93830	23458	18628	m2	8034210972	0.25000532878610254	3.686974592889419
78366	12185	8908	m2	8034211014	0.15548834953934104	7.097993434550677
101032	10514	7576	m2	8034211045	0.10406603848285692	8.226084268594255
78778	19531	14392	m2	8034211081	0.24792454746248951	4.4282960421893405
81612	33061	25320	m2	8034211084	0.40509974023427925	2.61604458425335
106974	26141	19404	m2	8034211101	0.24436779030418607	3.3085593512107425
100344	25301	18750	m2	8034211112	0.25214262935501874	3.4184044108928506
114392	22317	16498	m2	8034211135	0.1950923141478425	3.8754783349016444
112652	38588	28264	m2	8034211137	0.34254163263856835	2.241345755157044
59516	29657	22248	m2	8034211144	0.4983029773506284	2.9163114947567186
109284	14691	11038	m2	8034211170	0.1344295596793675	5.887213259818936
43504	23571	17468	m2	8034211175	0.5418122471496873	3.6692991387722205
66428	32563	23982	m2	8034211176	0.49019991569819954	2.6560528821054574
79766	12635	9042	m2	8034211186	0.15840082240553618	6.845195884447962
69424	19052	14510	m2	8034211187	0.274429592071906	4.539631009867731
102918	26956	19708	m2	8034211201	0.26191725451330183	3.2085268585843596
107852	15493	11132	m2	8034211213	0.1436505581723102	5.582459820564127
151618	28058	21098	m2	8034211228	0.18505718318405467	3.0825094447216483
79570	31410	24108	m2	8034211234	0.3947467638557245	2.753551416746259
59016	10871	7676	m2	8034211267	0.18420428358411278	7.9559424156011405
152526	18054	13088	m2	8034211295	0.11836670469297038	4.790575495735017
63630	22286	17036	m2	8034211302	0.35024359578815023	3.8808691555236474
81508	29674	22530	m2	8034211360	0.3640624233204103	2.9146407629574718
82934	28893	22458	m2	8034211363	0.3483854631393638	2.9934257432596136
78960	16470	11948	m2	8034211366	0.20858662613981763	5.251308439587129
119952	17767	13292	m2	8034211368	0.14811758036547953	4.867960263409692
93960	27349	20008	m2	8034211372	0.29107066836951895	3.162420929467257
68216	21390	16178	m2	8034211380	0.313562800516008	4.043433847592333
87440	29569	22666	m2	8034211382	0.33816331198536137	2.9249906997193005
94644	21474	16334	m2	8034211400	0.22689235450741727	4.02761711837571
54424	31858	25274	m2	8034211416	0.5853667499632516	2.7148298700483395
99836	15515	10982	m2	8034211434	0.15540486397692216	5.5745439896874
102526	23512	17360	m2	8034211469	0.22932719505296217	3.67850671997278
52210	22302	16330	m2	8034211508	0.4271595479793143	3.8780849251188236
108452	20487	14620	m2	8034211535	0.1889038468631284	4.221655195977937
97262	15656	11322	m2	8034211552	0.16096728424256132	5.524338911599386
111922	11811	8696	m2	8034211566	0.10552885044942013	7.3227542121750915
92950	23762	18488	m2	8034211570	0.2556428187197418	3.6398051510815588
39300	19869	14288	m2	8034211592	0.5055725190839695	4.352964416930898
64742	15723	11964	m2	8034211594	0.24285626023292453	5.500798193728933
136876	30592	22586	m2	8034211606	0.2235015634588971	2.8271786741631804
119492	30204	23140	m2	8034211613	0.2527700599203294	2.8634965567474513
90772	16551	12522	m2	8034211634	0.18233596263164853	5.225608724548366
101456	19147	13314	m2	8034211644	0.1887222046995742	4.517107118608659
77578	35837	25768	m2	8034211661	0.46194797494134937	2.413400954320953
99410	24932	18236	m2	8034211667	0.25079971833819537	3.4689976736723893
118210	48244	34888	m2	8034211672	0.40812114034345653	1.7927421026448886
137306	30127	22404	m2	8034211675	0.21941502920484174	2.870815215587347
110842	29264	22666	m2	8034211678	0.2640154454087801	2.955476011481684
86302	14642	10900	m2	8034211682	0.1696600310537415	5.906915038929109
33120	9095	6216	m2	8034211702	0.27460748792270534	9.509516217702034
45186	19040	14352	m2	8034211714	0.4213694507148232	4.54249212184874
75642	18902	13870	m2	8034211735	0.2498876285661405	4.575656015236483
96938	12821	9986	m2	8034211744	0.13225979492046464	6.745889556196865
64920	29348	21596	m2	8034211758	0.45206407886629696	2.9470168324928445
99878	10569	7434	m2	8034211776	0.1058190993011474	8.183276563534866
84532	16868	12084	m2	8034211794	0.19954573415984478	5.127403960161253
75764	24804	18774	m2	8034211820	0.3273850377487989	3.4868992904370266
1195556	128228	87700	m2	Undetermined	0.10725386347440019	0.6744942602239762
67492	44118	35508	m3	8034210876	0.6536774728856753	3.363540958339
137012	59763	47422	m3	8034210882	0.4361880711178583	2.4830195940632165
97912	41220	33646	m3	8034210884	0.4209902769834137	3.60001698204755
91728	38841	30610	m3	8034210964	0.4234366823652538	3.8205169794804457
77570	33505	25932	m3	8034210966	0.43193244811138326	4.42897179525444
65610	32808	26108	m3	8034210987	0.5000457247370828	4.523064496464277
98030	34219	28044	m3	8034211003	0.3490666122615526	4.336558637014524
138372	36772	29846	m3	8034211015	0.2657474055444743	4.035480800609159
93918	34693	27772	m3	8034211028	0.36939670776634936	4.277309543711988
99930	42905	33448	m3	8034211035	0.42935054538176726	3.4586341918191352
111398	52762	42914	m3	8034211038	0.4736350742383167	2.8124919449603882
47768	16654	13218	m3	8034211043	0.3486434433093284	8.910333853728835
71472	36263	29644	m3	8034211068	0.5073735169017237	4.0921242037338335
115208	52953	41872	m3	8034211072	0.4596295396153045	2.8023473646441186
278	153	112	m3	8034211078	0.5503597122302158	969.8869281045753
81856	32046	25284	m3	8034211087	0.39149237685691946	4.63061536541222
208	109	84	m3	8034211091	0.5240384615384616	1361.400917431193
106664	20883	16862	m3	8034211118	0.19578301957548938	7.1059091126753815
73000	34021	27190	m3	8034211122	0.466041095890411	4.361797125304959
4454	2282	1758	m3	8034211127	0.512348450830714	65.0274758983348
154844	24578	20150	m3	8034211136	0.1587274934773062	6.0376230775490285
156766	72308	52350	m3	8034211146	0.4612479746883891	2.052230735188361
83026	25971	20714	m3	8034211162	0.31280562715294	5.713784605906589
74890	42522	32534	m3	8034211167	0.567792762718654	3.4897864634777296
112072	41429	34002	m3	8034211189	0.3696641444785495	3.5818557049409834
78282	33215	23666	m3	8034211205	0.4242993280703099	4.46764112599729
79822	52255	42290	m3	8034211207	0.6546440830848638	2.839779925365994
80316	47525	37740	m3	8034211208	0.591725185517207	3.1224134665965284
92108	31835	25532	m3	8034211215	0.3456268728014939	4.661306737867128
102600	47918	37840	m3	8034211221	0.46703703703703703	3.0968049584707207
90474	58199	45134	m3	8034211233	0.6432676791122311	2.5497465592192308
114958	24903	19952	m3	8034211245	0.21662694201360497	5.958828253624063
107298	55522	43442	m3	8034211250	0.5174560569628511	2.6726829004718855
93306	16501	12940	m3	8034211254	0.17684821983580906	8.992951942306528
98648	18458	14528	m3	8034211277	0.18710972346119537	8.039478816773217
54766	26430	21406	m3	8034211279	0.48259869261950844	5.614555429436248
70614	48779	37918	m3	8034211285	0.6907836972838247	3.042143135365629
114208	45167	32122	m3	8034211289	0.39548017652003364	3.285422985808223
113764	32007	21276	m3	8034211320	0.2813455926303576	4.63625769362952
85256	43546	33962	m3	8034211343	0.5107675706108661	3.4077228677720117
104894	16889	13496	m3	8034211346	0.16101016264037982	8.786352063473267
71662	25133	18090	m3	8034211358	0.35071586056766485	5.904297139219353
84146	43682	33978	m3	8034211378	0.5191215268699642	3.3971132274163276
103688	37777	30342	m3	8034211392	0.3643333847696937	3.9281229319427164
87962	33672	27074	m3	8034211393	0.3828016643550624	4.407005820860062
89330	48890	39104	m3	8034211403	0.5472965409157058	3.035236244630804
91310	26070	20338	m3	8034211410	0.28551089694447485	5.692086689681627
96862	43738	34242	m3	8034211417	0.4515496273048254	3.392763729480086
80070	35408	28646	m3	8034211433	0.4422130635693768	4.190937076366923
102890	48807	39152	m3	8034211442	0.47436096802410344	3.04039789374475
84034	43914	34560	m3	8034211456	0.5225741961586977	3.3791660973721367
115992	31684	25500	m3	8034211487	0.27315676943237466	4.683521651306654
99402	33509	26802	m3	8034211511	0.3371058932415847	4.428443104837506
87290	40499	32616	m3	8034211543	0.46395921640508647	3.6641077557470556
98316	40913	27548	m3	8034211559	0.4161377598763172	3.627030528193973
121592	27426	21620	m3	8034211563	0.22555760247384696	5.410657769999271
50820	27815	19624	m3	8034211583	0.5473238882329792	5.334988315657021
97694	20791	16656	m3	8034211614	0.21281757323888878	7.137352700687798
140088	59253	43220	m3	8034211627	0.42296984752441324	2.5043913388351644
77754	48356	39186	m3	8034211636	0.6219101268101963	3.0687546529903216
78902	25333	19972	m3	8034211645	0.3210691744188994	5.857683653732287
75184	46242	36010	m3	8034211659	0.615051074696744	3.2090458890186415
131432	36831	30658	m3	8034211677	0.280228559254976	4.029016317775787
115362	18242	14766	m3	8034211685	0.15812832648532446	8.134672733252934
99066	61586	49466	m3	8034211698	0.6216663638382492	2.4095200207839444
72542	27590	21562	m3	8034211699	0.38033139422679274	5.378495831823125
94268	42601	34326	m3	8034211712	0.45191369287563116	3.4833149456585524
196	140	106	m3	8034211713	0.7142857142857143	1059.9478571428572
79834	50425	40356	m3	8034211719	0.6316231179697873	2.94283986117997
93044	38554	30392	m3	8034211720	0.41436309702936247	3.84895730663485
98594	29981	24198	m3	8034211736	0.3040854413047447	4.949558053433842
96048	39986	31504	m3	8034211743	0.41631267699483593	3.7111163907367577
97050	47429	39276	m3	8034211761	0.48870685213807313	3.128733475299922
89438	46027	36332	m3	8034211763	0.5146246561864085	3.2240358919764485
79432	37557	29630	m3	8034211771	0.4728195185819317	3.9511329445908885
93090	54745	43628	m3	8034211778	0.5880867977226341	2.7106164946570463
62394	29474	23506	m3	8034211780	0.4723851652402475	5.0346983782316626
2292	622	454	m3	8034211781	0.27137870855148344	238.5734726688103
85742	40951	31652	m3	8034211783	0.47760724032562807	3.623664867768797
96614	42195	33666	m3	8034211812	0.4367379468814043	3.5168313781253704
100852	40027	31976	m3	8034211814	0.39688850989568875	3.707315062332925
92476	41052	31996	m3	8034211818	0.44392058480038066	3.6147495858910648
2085118	418414	268256	m3	Undetermined	0.2006668207746516	0.3546551979618273
46644	29400	22276	m4	8034210877	0.6303061487007975	4.157011904761905
69158	8791	6780	m4	8034210888	0.12711472280864108	13.902417244909566
68588	40087	31902	m4	8034210903	0.5844608386306642	3.0487726694439594
140514	39445	31666	m4	8034210913	0.2807193589250893	3.098393966282165
97960	34435	27680	m4	8034210924	0.35152102899142507	3.5491839697981704
65822	14021	11190	m4	8034210925	0.21301388593479384	8.716650024962556
99920	27011	21412	m4	8034210936	0.270326261008807	4.524680685646588
73538	18250	14608	m4	8034210946	0.24817101362560853	6.696775342465753
122158	24273	18914	m4	8034210961	0.19870168142896905	5.035065710872163
67368	21959	17532	m4	8034210963	0.32595594347464674	5.565651896716608
138286	37533	30488	m4	8034210965	0.27141576153768276	3.256231849305944
65334	31004	24506	m4	8034210996	0.4745461781002235	3.9419478131853958
63276	38954	30918	m4	8034211001	0.615620456413174	3.1374480156081535
55626	30224	23888	m4	8034211034	0.5433430410239816	4.043678864478561
92834	29636	23638	m4	8034211047	0.3192364866320529	4.12390842218923
79776	39205	31668	m4	8034211062	0.4914385278780586	3.117361305955873
68918	41126	33088	m4	8034211067	0.5967381525871326	2.9717490152215147
45930	31783	26356	m4	8034211103	0.6919878075332027	3.845330837240034
51334	27476	21020	m4	8034211111	0.5352398020804925	4.448105619449701
49126	23966	18516	m4	8034211113	0.4878475756218703	5.09956396561796
96040	38999	30840	m4	8034211133	0.4060703873386089	3.1338277904561656
109362	20658	16788	m4	8034211138	0.18889559444779722	5.9161656501113375
72012	35563	28174	m4	8034211139	0.4938482475143032	3.4366096785985434
110916	72446	59198	m4	8034211140	0.653160950629305	1.6869965215470835
72104	27623	21400	m4	8034211163	0.3830994119605015	4.424434348188105
54634	18885	14970	m4	8034211173	0.3456638723139437	6.471599152766746
50184	34248	26690	m4	8034211199	0.6824485891917743	3.568563127773885
60910	29768	23704	m4	8034211203	0.4887210638647184	4.105621808653588
75916	41067	32272	m4	8034211204	0.5409531587544127	2.9760184576423896
70566	44456	34984	m4	8034211210	0.6299917807442678	2.749148596364945
71356	26328	20742	m4	8034211236	0.3689668703402657	4.642059784260104
53718	35822	28700	m4	8034211238	0.6668528240068506	3.4117623248283184
80160	28656	22462	m4	8034211241	0.35748502994011977	4.264941024567281
102904	21635	16966	m4	8034211259	0.21024449972790174	5.649001617749018
51084	28064	22034	m4	8034211266	0.5493696656487355	4.3549084236031925
82442	32315	25058	m4	8034211283	0.39197253826932876	3.78202537521275
73290	31528	24736	m4	8034211296	0.43018147086914993	3.876432060390764
84470	32366	25748	m4	8034211298	0.3831656209305079	3.7760659333868873
41728	9497	8394	m4	8034211303	0.22759298312883436	12.868921764767823
55114	13448	10296	m4	8034211316	0.2440033385346736	9.088053985722786
81170	21426	17086	m4	8034211318	0.2639645189109277	5.7041048259124425
47232	24068	18470	m4	8034211324	0.509569783197832	5.077952052517866
87818	13569	10802	m4	8034211329	0.15451274226240633	9.007012307465546
109770	13510	10818	m4	8034211357	0.12307552154504874	9.046347150259068
73516	16732	13198	m4	8034211361	0.22759671364056805	7.304336002868755
78044	31674	25104	m4	8034211383	0.4058479831889703	3.858563806276442
1302	252	176	m4	8034211390	0.1935483870967742	484.9847222222223
54214	37620	29510	m4	8034211407	0.69391670048327	3.24870148856991
86538	58514	46636	m4	8034211430	0.6761653839931591	2.0886651057866494
32550	20854	16366	m4	8034211438	0.6406758832565285	5.860561522969215
85216	53963	44340	m4	8034211460	0.6332496244836651	2.264813853936957
61368	28496	22310	m4	8034211489	0.46434623908225786	4.288887914093206
100106	44022	36212	m4	8034211503	0.4397538609074381	2.7762516469038214
54516	29390	22388	m4	8034211516	0.5391077848704967	4.158426335488262
101314	37923	30488	m4	8034211530	0.3743115462818564	3.2227447723017693
96928	13709	11154	m4	8034211546	0.14143487949818423	8.915030272084032
77476	41889	33574	m4	8034211561	0.5406706593009448	2.917619184033995
65968	28341	23092	m4	8034211564	0.4296173902498181	4.312344306834621
120952	26603	21236	m4	8034211565	0.21994675573781336	4.594073976619178
103716	12871	10644	m4	8034211567	0.12409849974931544	9.495466552715408
70970	26486	21268	m4	8034211568	0.37319994363815695	4.614367967983085
44136	26985	20582	m4	8034211572	0.6114056552474171	4.529040207522698
67008	18951	14872	m4	8034211573	0.2828169770773639	6.449060735581236
88038	30252	23908	m4	8034211584	0.34362434403325837	4.039936202565119
47396	22071	17184	m4	8034211604	0.4656722086252004	5.537408816999683
57768	31724	24484	m4	8034211620	0.5491621659049993	3.852482347749338
85954	20551	16512	m4	8034211635	0.23909300323428812	5.946968517347088
57292	43736	33948	m4	8034211648	0.763387558472387	2.794406209987196
67126	37463	30184	m4	8034211658	0.5580996931144415	3.2623161519365773
21920	8059	6690	m4	8034211662	0.3676551094890511	15.165175580096786
43698	30809	25220	m4	8034211665	0.7050437090942377	3.966897659774741
109162	23125	18458	m4	8034211680	0.21184111687217164	5.285022702702704
59520	34619	28290	m4	8034211689	0.5816364247311828	3.5303200554608747
64872	34658	27336	m4	8034211690	0.5342520656061167	3.526347452247677
69520	31328	24930	m4	8034211693	0.4506329113924051	3.9011794560776303
52684	27180	21186	m4	8034211700	0.5159061574671627	4.496547093451067
66462	41980	33154	m4	8034211742	0.6316391321356565	2.911294664125774
45744	14713	12234	m4	8034211757	0.3216378104232249	8.306677767960307
62614	9786	7518	m4	8034211795	0.15629092535215766	12.48887696709585
83252	31367	25090	m4	8034211807	0.37677172920770674	3.896328944432047
94180	27976	22492	m4	8034211810	0.29704820556381395	4.368607020303117
72146	37385	29886	m4	8034211811	0.5181853463809497	3.269122642771165
69360	42224	34314	m4	8034211819	0.6087658592848905	2.8944711538461543
71302	23518	18728	m4	8034211830	0.3298364702252391	5.196706777787227
3953854	953365	592778	m4	Undetermined	0.24112296508672298	0.12819450053232498
76028	8298	7130	m5	8034208048	0.10914399957910244	9.646655820679683
66040	6978	5936	m5	8034208385	0.10566323440339188	11.47147463456578
90836	15246	13372	m5	8034208394	0.16784094411907174	5.250423061786699
91600	14278	12330	m5	8034208471	0.15587336244541486	5.606383947331559
98766	21719	18000	m5	8034208541	0.21990361055423932	3.6856185828076806
24130	2866	2458	m5	8034208645	0.11877331123083298	27.930198883461273
107518	11685	9988	m5	8034208814	0.10867947692479399	6.850487804878049
66536	40256	34670	m5	8034210890	0.605025850667308	1.9884725258346583
87646	40533	34230	m5	8034210891	0.46246263377678387	1.974883428317667
88284	22259	18802	m5	8034210940	0.25212949118753114	3.5962060290219693
85690	18075	15782	m5	8034210979	0.21093476485004084	4.428655601659751
73540	41430	35620	m5	8034211032	0.5633668751699755	1.9321252715423605
88832	57412	48870	m5	8034211082	0.6462986311239193	1.3942721033930188
86852	37093	32330	m5	8034211085	0.4270828535900152	2.1580338608362766
143840	38662	27930	m5	8034211154	0.2687847608453838	2.070455486006932
137426	51749	43050	m5	8034211182	0.3765590208548601	1.5468501806798198
181166	48411	36032	m5	8034211184	0.26721901460538955	1.6535074673111485
81602	35184	29852	m5	8034211200	0.4311659027965001	2.27512363574352
78470	45320	37902	m5	8034211231	0.577545558812285	1.7662830979699913
85428	36354	30616	m5	8034211239	0.425551341480545	2.201902129064202
49834	13509	11954	m5	8034211252	0.2710799855520328	5.925527426160338
99662	26975	22844	m5	8034211282	0.27066484718348016	2.9674865616311403
72268	39077	34280	m5	8034211286	0.5407234183871146	2.0484671290017147
15104	4993	4038	m5	8034211297	0.3305746822033898	16.032034848788307
80418	26218	22468	m5	8034211310	0.3260215374667363	3.0531676710656797
61938	31377	27182	m5	8034211321	0.506587232393684	2.5511664595085577
158620	41765	31564	m5	8034211323	0.2633022317488337	1.9166275589608526
83540	38432	32744	m5	8034211351	0.46004309312903996	2.0828463259783514
86470	11439	9676	m5	8034211356	0.13228865502486412	6.997810123262524
57828	28057	24532	m5	8034211381	0.4851801895275645	2.8530473678582884
88072	42229	36196	m5	8034211406	0.4794826959760196	1.8955682114186936
67724	35289	30686	m5	8034211419	0.5210708168448408	2.2683541613533964
103028	24517	18530	m5	8034211437	0.23796443685211788	3.2649977566586452
67120	39018	33476	m5	8034211471	0.5813170441001192	2.0515646624634782
69378	28806	25104	m5	8034211488	0.4152036668684597	2.7788637783795043
58280	37028	32002	m5	8034211509	0.6353466026080988	2.161822134600843
71886	39552	33980	m5	8034211512	0.5502044904432017	2.023866049757282
81838	37582	31618	m5	8034211526	0.45922432121997114	2.129954499494439
74222	20113	17272	m5	8034211547	0.2709843442645038	3.9799110028339886
65350	40500	34490	m5	8034211558	0.6197398622800306	1.9764925925925927
70916	36022	30440	m5	8034211575	0.5079530712392126	2.2221961579035034
61780	20807	17898	m5	8034211578	0.33679184202007123	3.8471644158215987
56222	12410	10834	m5	8034211582	0.2207320977553271	6.450278001611604
88470	41191	35254	m5	8034211599	0.465592856335481	1.9433359228957785
72582	30305	25710	m5	8034211605	0.41752776170400374	2.64141065830721
68762	47491	40108	m5	8034211610	0.6906576306681016	1.6855393653534354
60462	35235	30506	m5	8034211611	0.582762727002084	2.2718305661983824
80106	25879	22086	m5	8034211652	0.3230594462337403	3.0931624096757986
57018	34570	30110	m5	8034211687	0.6062997649864955	2.3155322533989007
58668	38671	33528	m5	8034211738	0.6591497920501806	2.069973623645626
69164	35825	30660	m5	8034211768	0.517971777225146	2.2344159106769017
85012	19278	16222	m5	8034211786	0.22676798569613701	4.15229536258948
42906	22991	19708	m5	8034211805	0.5358458024518715	3.4817080596755257
1322100	302435	237382	m5	Undetermined	0.22875349822252478	0.2646781953146957
92820	41174	25878	ubn1	1106666165	0.44358974358974357	3.745996259775587
145084	67520	47502	ubn1	1117532950	0.4653855697389099	2.28432538507109
114772	53190	34540	ubn1	1147452927	0.46344056041543236	2.8997490129723635
128818	62556	40582	ubn1	1147453268	0.4856153643124408	2.4655932284672932
56608	25680	16376	ubn1	1148499593	0.4536461277557942	6.006139018691589
100962	57485	43016	ubn1	1148499595	0.5693726352489056	2.6830938505697137
84382	38548	24254	ubn1	1148499596	0.45682728544002277	4.001184237833351
128626	61358	39644	ubn1	1148499600	0.477026417676053	2.5137333355063727
100726	43363	27010	ubn1	1148499601	0.4305045370609376	3.5568952793856514
100060	40290	25416	ubn1	1148499609	0.40265840495702576	3.828186895011169
106944	53576	37418	ubn1	1148499619	0.5009724715739078	2.878857137524265
89414	43536	29144	ubn1	1148499620	0.4869036168832621	3.542761163175303
102460	57229	41094	ubn1	1148499630	0.558549677923092	2.6950960177532366
89724	44504	29966	ubn1	1148499642	0.4960099861798404	3.4657030828689557
99086	46878	30386	ubn1	1148499643	0.47310417213329836	3.2901926276718294
92974	47749	33036	ubn1	1148499654	0.513573687267408	3.230175501057614
117578	50589	31514	ubn1	1148499657	0.43025906206943476	3.0488376919883766
89290	41495	27098	ubn1	1148499659	0.46472169335871877	3.7170177129774675
62644	23450	13348	ubn1	1148499670	0.3743375263393142	6.577298507462686
62868	28969	18834	ubn1	1148499674	0.46079086339632247	5.324231074596984
86766	41325	26566	ubn1	1148499677	0.47628103174054354	3.732308529945554
71688	28818	16872	ubn1	1148499683	0.40199196518245733	5.352128877784718
89506	34617	22098	ubn1	1148499752	0.38675619511541126	4.4555464078343014
213674	118650	90164	ubn1	1148499781	0.5552851540196748	1.2999380530973452
112130	44363	28600	ubn1	1148499783	0.39563899045750467	3.476718211121881
97066	22737	15626	ubn1	1148499799	0.23424268023818845	6.783553239213617
122272	59721	44050	ubn1	1148499800	0.4884274404606124	2.5826367609383634
85790	44932	30150	ubn1	1148499806	0.5237440261102693	3.4326905101041576
272	159	120	ubn1	1148499814	0.5845588235294118	970.0481132075473
107526	46853	29578	ubn1	1148499816	0.4357364730390789	3.291948221031738
105482	36605	21316	ubn1	1148499817	0.3470260328776474	4.213567818604016
74228	36047	24416	ubn1	1148499820	0.48562537048014226	4.278792964740478
96620	45565	29610	ubn1	1148499825	0.47158973297453943	3.385002743333699
84286	35901	22400	ubn1	1148499838	0.4259426239233087	4.2961936993398515
108716	30009	18024	ubn1	1148499839	0.27603112697303067	5.139713086074178
73528	32018	20146	ubn1	1148499843	0.43545316070068546	4.817216878006122
107334	30004	16588	ubn1	1148499855	0.27953863640598503	5.140569590721237
91764	42176	26388	ubn1	1148499857	0.45961379190096335	3.6570004267830045
124706	56310	35758	ubn1	1148499865	0.4515420268471445	2.739080980287693
90472	39370	24548	ubn1	1148499866	0.4351622601467858	3.917644145288291
86302	39742	27748	ubn1	1148499867	0.46049917730759427	3.8809735292637515
89744	33515	19272	ubn1	1148499883	0.3734511499376003	4.602048336565717
119144	58026	42858	ubn1	1148499885	0.4870241052843618	2.65807827525592
64282	28123	17320	ubn1	1148499897	0.43749416632961013	5.484395334779363
30094	14935	10050	ubn1	1148499904	0.4962783279058949	10.327261466354203
93466	62546	49840	ubn1	1148499918	0.6691845162946954	2.4659874332491287
38944	22451	16028	ubn1	1148499937	0.5764944535743632	6.869967930159013
110486	48225	31098	ubn1	1148499953	0.43648064008109627	3.1982923794712286
100122	44317	28314	ubn1	1148500020	0.4426299914104792	3.4803269625651554
105274	46635	29540	ubn1	1148500086	0.44298687235214773	3.307336764232872
61636	34760	25038	ubn1	1148500107	0.5639561295346875	4.437216628308401
116422	45601	28138	ubn1	1148500181	0.39168713816976175	3.3823304313501903
84250	32935	19578	ubn1	1148500211	0.390919881305638	4.683092454835282
79550	38532	25406	ubn1	1148500212	0.48437460716530484	4.002845686701963
15882	7029	4892	ubn1	1148500240	0.44257650170003776	21.943043107127618
61260	26346	17608	ubn1	1148500256	0.4300685602350637	5.854309952174903
79294	28777	16936	ubn1	1148500454	0.3629152268771912	5.359754317684263
93684	43002	27858	ubn1	1148500457	0.4590111438452671	3.5867552671968745
112568	52070	32802	ubn1	1148500468	0.46256484969085354	2.962121183022854
77508	27735	16634	ubn1	1148500503	0.3578340300356092	5.561119524067063
61444	28777	18614	ubn1	1148500514	0.4683451598203242	5.359754317684263
119856	60638	42078	ubn1	1148500516	0.5059237751969029	2.5435807579405654
89338	38972	24642	ubn1	1148500523	0.4362309431596857	3.9576529303089405
40538	16983	10314	ubn1	1148500532	0.41894025358922493	9.081884826002474
91814	38711	23722	ubn1	1148500543	0.4216241531792537	3.984336493503139
13792	2429	1860	ubn1	1149102600	0.17611658932714616	63.49841498559078
114578	21568	10802	ubn1	1149103841	0.18823857983207945	7.151226353857567
66024	16527	11204	ubn1	1149104054	0.2503180661577608	9.332465057179162
114690	16987	11548	ubn1	1149104510	0.1481123027290958	9.079746276564432
48438	8615	5734	ubn1	1149104580	0.17785622858086625	17.90338363319791
44382	12665	8710	ubn1	1149104616	0.285363435627056	12.178258981444927
66400	19983	12892	ubn1	1149108373	0.3009487951807229	7.7184431767001955
85916	18298	12278	ubn1	1149108415	0.2129754644070953	8.429208110175976
172394	39069	25918	ubn1	NAMP1-NEG-1	0.22662621668967597	3.947826921600246
80766	28625	18756	ubn1	NAMP1-NEG-11	0.3544189386623084	5.388214847161572
80072	12726	7744	ubn1	NAMP1-NEG-2	0.1589319612348886	12.119884488448845
90842	19120	11820	ubn1	NAMP1-NEG-3	0.21047533079412606	8.06682269874477
85296	22186	14272	ubn1	NAMP1-NEG-4	0.2601059838679422	6.952026052465519
121610	60335	39832	ubn1	NAMP1-NEG-5	0.4961351862511307	2.556354520593354
123186	60701	39078	ubn1	NAMP1-NEG-7	0.4927589174094459	2.5409408411723042
99786	50217	32926	ubn1	NAMP1-NEG-9	0.5032469484697252	3.0714230240755125
2099952	675719	416482	ubn1	Undetermined	0.321778307313691	0.22825708615563572
