GENOME_TERRITORY	MEAN_COVERAGE	SD_COVERAGE	MEDIAN_COVERAGE	MAD_COVERAGE	PCT_EXC_MAPQ	PCT_EXC_DUPE	PCT_EXC_UNPAIRED	PCT_EXC_BASEQ	PCT_EXC_OVERLAP	PCT_EXC_CAPPED	PCT_EXC_TOTAL	PCT_1X	PCT_5X	PCT_10X	PCT_15X	PCT_20X	PCT_25X	PCT_30X	PCT_40X	PCT_50X	PCT_60X	PCT_70X	PCT_80X	PCT_90X	PCT_100X	HET_SNP_SENSITIVITY	HET_SNP_Q	sampleName
23332821	1.272884	3.310722	1	1	0.120214	0	0.005401	0.0506	0.26155	0.000648	0.438413	0.506133	0.051483	0.008416	0.00408	0.002863	0.002208	0.00174	0.001142	0.000756	0.000533	0.000396	0.00027	0.000185	0.000134	0.268928	1	BH-Chelex-NOR-Sof-1-S44-L001
23332821	1.300162	3.380183	1	1	0.119783	0	0.005317	0.052166	0.261016	0.000823	0.439106	0.510876	0.053603	0.008466	0.004147	0.00293	0.002276	0.001798	0.001194	0.000829	0.000563	0.000396	0.0003	0.000225	0.000169	0.273992	1	BH-Chelex-NOR-Sof-1-S44-L002
23332821	1.309065	3.405699	1	1	0.118851	0	0.005409	0.05574	0.259805	0.000817	0.440622	0.513088	0.054034	0.008795	0.004155	0.002902	0.002236	0.001768	0.001226	0.000841	0.000606	0.000453	0.000327	0.000224	0.000164	0.27459	1	BH-Chelex-NOR-Sof-1-S44-L003
23332821	1.314163	3.445165	1	1	0.120458	0	0.005257	0.052971	0.261268	0.000827	0.440782	0.513386	0.054516	0.008843	0.00414	0.002945	0.00227	0.001814	0.001216	0.000835	0.000589	0.000417	0.000301	0.000237	0.000185	0.275587	1	BH-Chelex-NOR-Sof-1-S44-L004
23332821	1.638864	4.490914	1	1	0.117506	0	0.004807	0.04882	0.256325	0.002177	0.429636	0.564173	0.08596	0.014303	0.005001	0.002543	0.001686	0.001341	0.000924	0.000699	0.000584	0.000505	0.000448	0.000404	0.000359	0.323175	2	BH-Chelex-NOR-Sof-2-S45-L001
23332821	1.655816	4.511006	1	1	0.119152	0	0.004949	0.05099	0.255425	0.002152	0.432667	0.564862	0.087989	0.014754	0.004955	0.002515	0.001738	0.001382	0.000963	0.000739	0.000617	0.000514	0.000438	0.000392	0.000358	0.325234	2	BH-Chelex-NOR-Sof-2-S45-L002
23332821	1.677987	4.529385	1	1	0.119306	0	0.004783	0.054158	0.253927	0.002053	0.434227	0.569839	0.089816	0.015454	0.005122	0.002532	0.001757	0.001384	0.00096	0.000718	0.000609	0.00052	0.000459	0.0004	0.000353	0.328635	2	BH-Chelex-NOR-Sof-2-S45-L003
23332821	1.672714	4.572061	1	1	0.117727	0	0.00467	0.051043	0.256031	0.002442	0.431913	0.568489	0.089053	0.014981	0.005026	0.002599	0.00177	0.001396	0.000977	0.000716	0.000607	0.000531	0.00047	0.000415	0.000379	0.327775	2	BH-Chelex-NOR-Sof-2-S45-L004
23332821	1.882258	3.735106	1	1	0.116559	0	0.004441	0.051665	0.247769	0	0.420434	0.595899	0.108876	0.021782	0.008202	0.004672	0.003237	0.00244	0.001435	0.000896	0.000572	0.00036	0.000238	0.000146	0.000091	0.353338	2	BH-Chelex-NOR-Sof-3-S46-L001
23332821	1.920176	3.819023	1	1	0.116393	0	0.004684	0.054302	0.246242	0	0.421621	0.602367	0.111485	0.022685	0.008506	0.004908	0.00336	0.002487	0.001508	0.000906	0.000584	0.000381	0.000259	0.000173	0.000117	0.359195	2	BH-Chelex-NOR-Sof-3-S46-L002
23332821	1.943456	3.84974	1	1	0.11623	0	0.004576	0.057458	0.245316	0	0.42358	0.604534	0.114281	0.022836	0.008542	0.004918	0.00346	0.002611	0.001547	0.00096	0.000592	0.000386	0.000267	0.000164	0.0001	0.36097	2	BH-Chelex-NOR-Sof-3-S46-L003
23332821	1.946782	3.83541	1	1	0.114737	0	0.004533	0.054505	0.247283	0.000002	0.42106	0.605284	0.114652	0.022848	0.008488	0.004833	0.003427	0.002611	0.001558	0.000974	0.000595	0.000373	0.000236	0.000163	0.000106	0.361872	2	BH-Chelex-NOR-Sof-3-S46-L004
23332821	3.557869	9.609122	1	1	0.16139	0	0.003834	0.068628	0.206693	0.03041	0.470955	0.671363	0.199512	0.079768	0.043424	0.027463	0.018795	0.013597	0.007838	0.005041	0.003536	0.002683	0.002153	0.001778	0.001518	0.433226	2	BH-Chelex-RP-Sof-1-S41-L001
23332821	3.629059	9.77069	1	1	0.161313	0	0.003672	0.069834	0.206343	0.030842	0.472003	0.675605	0.203321	0.082042	0.044893	0.028134	0.019199	0.014011	0.00829	0.005344	0.003765	0.002778	0.00219	0.001797	0.001555	0.437453	2	BH-Chelex-RP-Sof-1-S41-L002
23332821	3.651452	9.785647	1	1	0.161182	0	0.003769	0.072397	0.205205	0.030075	0.472629	0.678288	0.204798	0.083139	0.045133	0.028429	0.0194	0.014072	0.008206	0.005352	0.00371	0.002787	0.002207	0.001874	0.001623	0.438834	3	BH-Chelex-RP-Sof-1-S41-L003
23332821	3.66782	9.84064	1	1	0.160503	0	0.003709	0.070604	0.206611	0.03102	0.472447	0.677609	0.205713	0.083349	0.045522	0.028813	0.019571	0.014103	0.008374	0.005477	0.003814	0.002795	0.002195	0.001847	0.001601	0.44018	3	BH-Chelex-RP-Sof-1-S41-L004
23332821	2.188921	5.812585	1	1	0.16625	0	0.004595	0.065255	0.226008	0.00938	0.471487	0.589898	0.120322	0.039792	0.019182	0.011084	0.006864	0.004643	0.002525	0.001654	0.001229	0.000954	0.000739	0.000593	0.000494	0.34883	2	BH-Chelex-RP-Sof-2-S42-L001
23332821	2.253391	5.947754	1	1	0.166391	0	0.004624	0.065763	0.226111	0.009858	0.472747	0.597821	0.124198	0.041735	0.020322	0.011525	0.007209	0.004911	0.002692	0.001795	0.001297	0.000996	0.000775	0.000622	0.000506	0.355282	2	BH-Chelex-RP-Sof-2-S42-L002
23332821	2.267098	6.009116	1	1	0.165253	0	0.004623	0.069635	0.224494	0.009887	0.473892	0.598886	0.124466	0.042342	0.020572	0.011805	0.007426	0.004957	0.002754	0.001852	0.001333	0.00102	0.000823	0.00065	0.000521	0.355621	2	BH-Chelex-RP-Sof-2-S42-L003
23332821	2.272428	6.016127	1	1	0.165714	0	0.004407	0.066076	0.226506	0.009714	0.472416	0.599154	0.125556	0.042304	0.020437	0.011771	0.007538	0.00506	0.002708	0.001797	0.001313	0.001011	0.000796	0.000638	0.000533	0.356434	2	BH-Chelex-RP-Sof-2-S42-L004
23332821	2.632161	6.878094	1	1	0.157499	0	0.004133	0.060608	0.251489	0.004142	0.477872	0.622659	0.152379	0.053297	0.026136	0.015213	0.009941	0.006885	0.00383	0.002448	0.001689	0.001233	0.000967	0.000799	0.000677	0.388889	2	BH-Chelex-RP-Sof-3-S43-L001
23332821	2.692839	7.044795	1	1	0.157776	0	0.004266	0.06232	0.251111	0.004454	0.479927	0.627696	0.155381	0.054953	0.027419	0.016061	0.010354	0.007222	0.00403	0.002557	0.001814	0.001343	0.001037	0.000849	0.000722	0.394009	2	BH-Chelex-RP-Sof-3-S43-L002
23332821	2.721447	7.115335	1	1	0.158254	0	0.004168	0.065004	0.249265	0.004588	0.481279	0.628696	0.157518	0.056283	0.027858	0.016346	0.010558	0.007277	0.004044	0.002636	0.001871	0.00138	0.001073	0.000898	0.000765	0.394993	2	BH-Chelex-RP-Sof-3-S43-L003
23332821	2.714587	7.064479	1	1	0.158332	0	0.00408	0.061656	0.251782	0.004533	0.480383	0.629765	0.156833	0.055731	0.027814	0.016327	0.01043	0.007193	0.00398	0.002562	0.001822	0.001343	0.001037	0.000854	0.000729	0.396371	2	BH-Chelex-RP-Sof-3-S43-L004
23332821	0.000154	0.012407	0	0	0.446569	0	0.018164	0.026769	0.126939	0	0.618441	0.000154	0	0	0	0	0	0	0	0	0	0	0	0	0	0.000055	0	BH-Neg-S53-L001
23332821	0.000193	0.014959	0	0	0.371718	0	0.045678	0.057805	0.11415	0	0.589351	0.000179	0	0	0	0	0	0	0	0	0	0	0	0	0	0.000065	0	BH-Neg-S53-L002
23332821	0.000189	0.013868	0	0	0.382312	0	0.024325	0.033681	0.124384	0	0.564704	0.000188	0	0	0	0	0	0	0	0	0	0	0	0	0	0.000068	0	BH-Neg-S53-L003
23332821	0.00015	0.01312	0	0	0.456725	0	0.03806	0.028492	0.101602	0	0.624879	0.000138	0	0	0	0	0	0	0	0	0	0	0	0	0	0.000052	0	BH-Neg-S53-L004
23332821	10.467257	20.044235	4	4	0.097182	0	0.001372	0.053165	0.209897	0.011379	0.372996	0.78123	0.467857	0.292615	0.201047	0.145949	0.110374	0.086329	0.056167	0.038452	0.02761	0.02041	0.015413	0.011925	0.009441	0.633138	4	BH-Qiagen-NO-Sof-1-S50-L001
23332821	10.68474	20.392188	4	4	0.096977	0	0.001408	0.054795	0.209036	0.011736	0.373952	0.784017	0.472829	0.296649	0.205421	0.149961	0.113294	0.088531	0.057973	0.039987	0.028729	0.021317	0.016316	0.012599	0.009918	0.637488	4	BH-Qiagen-NO-Sof-1-S50-L002
23332821	10.691867	20.385682	4	4	0.096929	0	0.001423	0.058423	0.208336	0.011805	0.376916	0.785753	0.473219	0.297842	0.205799	0.149611	0.113187	0.088376	0.058085	0.039745	0.028513	0.021192	0.0161	0.012458	0.009964	0.637805	4	BH-Qiagen-NO-Sof-1-S50-L003
23332821	10.788312	20.561266	4	4	0.096734	0	0.001331	0.055751	0.209491	0.011889	0.375196	0.786541	0.474212	0.299178	0.207725	0.151581	0.114731	0.089754	0.058809	0.040596	0.028959	0.02156	0.016563	0.012898	0.010234	0.639661	4	BH-Qiagen-NO-Sof-1-S50-L004
23332821	11.068881	21.373115	4	4	0.094175	0	0.001466	0.053029	0.240876	0.001997	0.391542	0.789999	0.479417	0.301666	0.208072	0.151606	0.115798	0.091316	0.060929	0.042666	0.031429	0.023922	0.018463	0.014556	0.011703	0.649015	5	BH-Qiagen-NO-Sof-2-S51-L001
23332821	11.276702	21.705356	4	4	0.093974	0	0.001716	0.054967	0.240419	0.002276	0.393351	0.79237	0.484805	0.305207	0.21145	0.155214	0.118799	0.094125	0.062983	0.044072	0.032002	0.024425	0.019206	0.015312	0.012287	0.653133	5	BH-Qiagen-NO-Sof-2-S51-L002
23332821	11.36265	21.845736	4	4	0.094128	0	0.001479	0.058356	0.238824	0.002246	0.395034	0.793048	0.486761	0.307928	0.213142	0.156622	0.120112	0.094957	0.063145	0.044513	0.03257	0.024976	0.019438	0.015411	0.012392	0.653757	5	BH-Qiagen-NO-Sof-2-S51-L003
23332821	11.406024	21.943326	4	4	0.093796	0	0.001647	0.055916	0.240418	0.00238	0.394157	0.793749	0.487532	0.309448	0.214015	0.156962	0.120308	0.095324	0.063615	0.044686	0.032644	0.024942	0.019511	0.015521	0.012448	0.654436	5	BH-Qiagen-NO-Sof-2-S51-L004
23332821	8.978986	17.128975	3	3	0.100095	0	0.001543	0.053416	0.218256	0.00292	0.37623	0.768157	0.433422	0.261818	0.174938	0.123512	0.090767	0.068929	0.042403	0.028059	0.019601	0.014302	0.010757	0.008173	0.006433	0.610038	4	BH-Qiagen-NO-Sof-3-S52-L001
23332821	9.148551	17.452841	3	3	0.099751	0	0.001839	0.055801	0.217653	0.002885	0.37793	0.770353	0.437145	0.265738	0.17837	0.126397	0.093034	0.070506	0.043789	0.029346	0.020576	0.015039	0.01137	0.008669	0.006721	0.613294	4	BH-Qiagen-NO-Sof-3-S52-L002
23332821	9.223514	17.559621	3	3	0.100144	0	0.001582	0.059841	0.216247	0.003001	0.380815	0.772106	0.44042	0.267714	0.179916	0.127782	0.093885	0.071313	0.044139	0.029459	0.020865	0.015168	0.011468	0.008862	0.006882	0.616317	4	BH-Qiagen-NO-Sof-3-S52-L003
23332821	9.21193	17.462766	3	3	0.0992	0	0.001633	0.056195	0.218266	0.003004	0.378297	0.771877	0.44023	0.267685	0.180123	0.127856	0.094295	0.071691	0.044282	0.029201	0.020557	0.01505	0.011256	0.008649	0.00677	0.615714	4	BH-Qiagen-NO-Sof-3-S52-L004
23332821	8.826661	16.766114	3	3	0.110639	0	0.001446	0.053406	0.252008	0.011983	0.429482	0.777095	0.440413	0.259862	0.169659	0.118525	0.087004	0.065554	0.039573	0.026228	0.018353	0.01319	0.009726	0.007405	0.005797	0.624969	4	BH-Qiagen-RP-Sof-1-S47-L001
23332821	9.034383	17.064664	4	4	0.110379	0	0.00168	0.0555	0.251033	0.01256	0.431151	0.779468	0.446676	0.266159	0.174121	0.121878	0.089322	0.067751	0.041451	0.02727	0.019276	0.013959	0.010286	0.007788	0.006047	0.63001	4	BH-Qiagen-RP-Sof-1-S47-L002
23332821	9.068399	17.142649	4	4	0.110471	0	0.001532	0.058147	0.250097	0.012364	0.43261	0.779273	0.447719	0.266255	0.175036	0.122925	0.090305	0.068249	0.041681	0.027399	0.019256	0.014016	0.010415	0.007918	0.006147	0.629822	4	BH-Qiagen-RP-Sof-1-S47-L003
23332821	9.16491	17.289424	4	4	0.110224	0	0.00156	0.055943	0.251275	0.012735	0.431738	0.781713	0.450244	0.268661	0.177157	0.124641	0.091609	0.069308	0.042399	0.02796	0.019602	0.014266	0.010599	0.008079	0.006314	0.633031	4	BH-Qiagen-RP-Sof-1-S47-L004
23332821	5.56866	10.986334	2	2	0.123726	0	0.001606	0.057115	0.182084	0.028075	0.392607	0.718043	0.32785	0.161672	0.094854	0.061771	0.042232	0.030219	0.017092	0.010453	0.006711	0.004517	0.003097	0.002186	0.001646	0.522633	3	BH-Qiagen-RP-Sof-2-S48-L001
23332821	5.691271	11.192617	2	2	0.123324	0	0.001824	0.058468	0.181787	0.027734	0.393137	0.720611	0.333059	0.165503	0.098252	0.06419	0.044247	0.031402	0.017663	0.010864	0.007085	0.004817	0.00333	0.002344	0.001705	0.526781	3	BH-Qiagen-RP-Sof-2-S48-L002
23332821	5.703136	11.208178	2	2	0.124043	0	0.001667	0.062651	0.179837	0.027748	0.395947	0.721712	0.33349	0.166264	0.098083	0.06392	0.044061	0.031814	0.018017	0.011004	0.007053	0.004683	0.003284	0.002363	0.001746	0.526658	3	BH-Qiagen-RP-Sof-2-S48-L003
23332821	5.732642	11.280335	2	2	0.123486	0	0.001746	0.059487	0.181042	0.027658	0.393419	0.722539	0.334393	0.166847	0.098371	0.06477	0.044587	0.032012	0.018093	0.011232	0.007273	0.004851	0.003301	0.002384	0.001794	0.528943	3	BH-Qiagen-RP-Sof-2-S48-L004
23332821	8.679489	17.13612	3	3	0.104173	0	0.001515	0.054391	0.203093	0.004325	0.367497	0.763022	0.422142	0.248275	0.163203	0.115574	0.085852	0.065453	0.040924	0.027421	0.01931	0.014188	0.010658	0.00811	0.006227	0.599395	4	BH-Qiagen-RP-Sof-3-S49-L001
23332821	8.870166	17.441853	3	3	0.103866	0	0.001463	0.055938	0.202499	0.00452	0.368286	0.766048	0.427378	0.252804	0.167269	0.118643	0.088153	0.067704	0.042692	0.028867	0.020247	0.014924	0.011172	0.008386	0.00641	0.603795	4	BH-Qiagen-RP-Sof-3-S49-L002
23332821	8.895176	17.511282	3	3	0.104056	0	0.00154	0.059391	0.201655	0.004518	0.37116	0.766547	0.427858	0.25389	0.167559	0.119039	0.088621	0.067915	0.042925	0.028631	0.020016	0.014795	0.01129	0.008689	0.006679	0.604315	4	BH-Qiagen-RP-Sof-3-S49-L003
23332821	8.943471	17.589291	3	3	0.104148	0	0.001387	0.056985	0.202199	0.004578	0.369297	0.767427	0.43029	0.254822	0.168219	0.11982	0.0892	0.068343	0.04298	0.028981	0.020396	0.015067	0.011534	0.008753	0.006711	0.605962	4	BH-Qiagen-RP-Sof-3-S49-L004
23332821	0.035246	0.368696	0	0	0.494399	0	0.086153	0.030153	0.101394	0.000686	0.712785	0.032156	0.000086	0.000026	0.000007	0.000003	0.000002	0.000002	0.000002	0.000002	0.000002	0.000002	0.000002	0.000002	0.000002	0.011751	0	chelex-100-JP-S38-L001
23332821	0.035951	0.369454	0	0	0.488987	0	0.085065	0.031769	0.102405	0.000537	0.708763	0.032696	0.000114	0.000026	0.000004	0.000003	0.000002	0.000002	0.000002	0.000002	0.000002	0.000002	0.000002	0.000002	0.000001	0.011969	0	chelex-100-JP-S38-L002
23332821	0.036118	0.371133	0	0	0.48935	0	0.085214	0.033299	0.103249	0.001155	0.712267	0.032849	0.000098	0.000018	0.000006	0.000003	0.000003	0.000002	0.000002	0.000002	0.000002	0.000002	0.000002	0.000002	0.000002	0.011905	0	chelex-100-JP-S38-L003
23332821	0.035431	0.370086	0	0	0.495	0	0.086207	0.030737	0.10271	0.001018	0.715672	0.032319	0.000096	0.000017	0.000007	0.000005	0.000004	0.000002	0.000002	0.000002	0.000002	0.000002	0.000002	0.000002	0.000002	0.011768	0	chelex-100-JP-S38-L004
23332821	0.017397	0.347142	0	0	0.585268	0	0.102859	0.023417	0.092605	0.001837	0.805986	0.015025	0.000112	0.000028	0.00001	0.000005	0.000003	0.000003	0.000002	0.000002	0.000002	0.000002	0.000002	0.000002	0.000002	0.005384	0	chelex-100-sanger-S23-L001
23332821	0.017657	0.345719	0	0	0.588358	0	0.10077	0.024374	0.092361	0.001996	0.807859	0.015345	0.000104	0.00002	0.000009	0.000003	0.000002	0.000002	0.000002	0.000002	0.000002	0.000002	0.000002	0.000002	0.000002	0.005532	0	chelex-100-sanger-S23-L002
23332821	0.017651	0.346778	0	0	0.589677	0	0.104513	0.025947	0.087806	0.001862	0.809804	0.015269	0.000109	0.000028	0.000009	0.000005	0.000004	0.000002	0.000002	0.000002	0.000002	0.000002	0.000002	0.000002	0.000002	0.005523	0	chelex-100-sanger-S23-L003
23332821	0.017923	0.345884	0	0	0.587019	0	0.101376	0.024474	0.091777	0.002193	0.806839	0.015627	0.000094	0.000021	0.00001	0.000003	0.000002	0.000002	0.000002	0.000002	0.000002	0.000002	0.000002	0.000002	0.000002	0.005598	0	chelex-100-sanger-S23-L004
23332821	0.012903	0.286183	0	0	0.580738	0	0.131725	0.022833	0.069133	0	0.804429	0.011702	0.000057	0.000008	0.000003	0.000002	0.000002	0.000002	0.000002	0.000002	0.000002	0.000001	0.000001	0.000001	0.000001	0.004292	0	chelex-100-sof-S8-L001
23332821	0.013626	0.267418	0	0	0.580641	0	0.12631	0.024165	0.066846	0	0.797962	0.012392	0.000039	0.000004	0.000003	0.000002	0.000002	0.000002	0.000002	0.000001	0.000001	0.000001	0.000001	0.000001	0.000001	0.004574	0	chelex-100-sof-S8-L002
23332821	0.013295	0.310238	0	0	0.576175	0	0.130747	0.024045	0.069745	0	0.800712	0.011967	0.000044	0.000008	0.000003	0.000003	0.000002	0.000002	0.000002	0.000002	0.000002	0.000002	0.000001	0.000001	0.000001	0.004375	0	chelex-100-sof-S8-L003
23332821	0.013348	0.300784	0	0	0.573116	0	0.133124	0.023788	0.067231	0	0.79726	0.011959	0.000045	0.00001	0.000004	0.000003	0.000002	0.000002	0.000002	0.000002	0.000002	0.000001	0.000001	0.000001	0.000001	0.004487	0	chelex-100-sof-S8-L004
23332821	0.010683	0.336817	0	0	0.660993	0	0.122177	0.020063	0.066545	0.002661	0.872439	0.008478	0.000105	0.000026	0.000009	0.000006	0.000003	0.000002	0.000002	0.000002	0.000002	0.000002	0.000002	0.000002	0.000002	0.003177	0	chelex-10-JP-S39-L001
23332821	0.010973	0.337293	0	0	0.660092	0	0.119879	0.019329	0.068806	0.002503	0.870608	0.008728	0.000108	0.000026	0.000009	0.000004	0.000003	0.000002	0.000002	0.000002	0.000002	0.000002	0.000002	0.000002	0.000002	0.003279	0	chelex-10-JP-S39-L002
23332821	0.011764	0.341039	0	0	0.653141	0	0.120846	0.020764	0.068962	0.002486	0.866199	0.009351	0.000119	0.00003	0.000012	0.000006	0.000004	0.000002	0.000002	0.000002	0.000002	0.000002	0.000002	0.000002	0.000002	0.003471	0	chelex-10-JP-S39-L003
23332821	0.011183	0.340476	0	0	0.656952	0	0.119589	0.019884	0.069062	0.002506	0.867993	0.008802	0.000117	0.000032	0.000009	0.000006	0.000004	0.000003	0.000002	0.000002	0.000002	0.000002	0.000002	0.000002	0.000002	0.003304	0	chelex-10-JP-S39-L004
23332821	0.214359	0.55632	0	0	0.252768	0	0.021704	0.046126	0.164128	0	0.484725	0.180744	0.000196	0.000015	0.000003	0.000003	0.000002	0.000002	0.000002	0.000002	0.000002	0.000001	0.000001	0.000001	0.000001	0.067542	0	chelex-10K-JP-S36-L001
23332821	0.219362	0.564842	0	0	0.24937	0	0.021725	0.04771	0.16431	0	0.483114	0.184158	0.000195	0.000014	0.000005	0.000003	0.000002	0.000002	0.000002	0.000002	0.000002	0.000002	0.000001	0.000001	0.000001	0.069277	0	chelex-10K-JP-S36-L002
23332821	0.217749	0.573158	0	0	0.25242	0	0.022237	0.050799	0.162251	0	0.487707	0.183541	0.00017	0.000013	0.000003	0.000003	0.000003	0.000002	0.000002	0.000002	0.000002	0.000002	0.000002	0.000001	0.000001	0.067628	0	chelex-10K-JP-S36-L003
23332821	0.220716	0.582473	0	0	0.246776	0	0.021874	0.049064	0.163942	0	0.481656	0.185193	0.000246	0.000019	0.000004	0.000002	0.000002	0.000002	0.000002	0.000002	0.000002	0.000001	0.000001	0.000001	0.000001	0.069365	0	chelex-10K-JP-S36-L004
23332821	0.172385	0.509425	0	0	0.276365	0	0.025539	0.045588	0.156563	0	0.504055	0.149828	0.000209	0.000015	0.000004	0.000002	0.000002	0.000002	0.000002	0.000002	0.000002	0.000001	0.000001	0.000001	0.000001	0.055345	0	chelex-10K-sanger-S21-L001
23332821	0.173377	0.515019	0	0	0.277608	0	0.025425	0.046559	0.156698	0	0.50629	0.15051	0.000184	0.00002	0.000003	0.000002	0.000002	0.000002	0.000002	0.000002	0.000002	0.000002	0.000001	0.000001	0.000001	0.055599	0	chelex-10K-sanger-S21-L002
23332821	0.173842	0.536391	0	0	0.279963	0	0.025987	0.049308	0.154889	0.000016	0.510163	0.150288	0.000209	0.000022	0.000003	0.000003	0.000002	0.000002	0.000002	0.000002	0.000002	0.000002	0.000002	0.000002	0.000001	0.055345	0	chelex-10K-sanger-S21-L003
23332821	0.177473	0.53947	0	0	0.274693	0	0.024963	0.047446	0.157008	0.000039	0.50415	0.153384	0.000198	0.000017	0.000004	0.000003	0.000002	0.000002	0.000002	0.000002	0.000002	0.000002	0.000002	0.000001	0.000001	0.056654	0	chelex-10K-sanger-S21-L004
23332821	0.141159	0.499657	0	0	0.294243	0	0.027658	0.042455	0.160773	0.000224	0.525354	0.125344	0.000127	0.000014	0.000003	0.000002	0.000002	0.000002	0.000002	0.000002	0.000002	0.000002	0.000002	0.000002	0.000001	0.045948	0	chelex-10K-sof-S6-L001
23332821	0.144506	0.503348	0	0	0.296192	0	0.02747	0.044091	0.159728	0.000212	0.527693	0.128027	0.000129	0.000017	0.000005	0.000003	0.000002	0.000002	0.000002	0.000002	0.000002	0.000002	0.000002	0.000001	0.000001	0.046995	0	chelex-10K-sof-S6-L002
23332821	0.142965	0.502342	0	0	0.300046	0	0.028487	0.046654	0.158285	0.000315	0.533787	0.126515	0.000123	0.000014	0.000004	0.000002	0.000002	0.000002	0.000002	0.000002	0.000002	0.000002	0.000002	0.000002	0.000002	0.04623	0	chelex-10K-sof-S6-L003
23332821	0.145541	0.505386	0	0	0.28842	0	0.028037	0.045442	0.16386	0.000255	0.526015	0.128933	0.000147	0.000016	0.000003	0.000003	0.000003	0.000002	0.000002	0.000002	0.000002	0.000002	0.000002	0.000001	0.000001	0.047298	0	chelex-10K-sof-S6-L004
23332821	0.009998	0.335611	0	0	0.662939	0	0.119365	0.020091	0.068514	0.002342	0.873251	0.007708	0.000121	0.000022	0.000008	0.000003	0.000003	0.000003	0.000002	0.000002	0.000002	0.000002	0.000002	0.000002	0.000002	0.002922	0	chelex-10-sanger-S24-L001
23332821	0.010261	0.335801	0	0	0.665196	0	0.117695	0.020766	0.066989	0.002077	0.872722	0.007939	0.000114	0.000025	0.000009	0.000003	0.000003	0.000002	0.000002	0.000002	0.000002	0.000002	0.000002	0.000002	0.000002	0.003013	0	chelex-10-sanger-S24-L002
23332821	0.010631	0.338707	0	0	0.655099	0	0.120378	0.021489	0.070563	0.002624	0.870153	0.008171	0.00014	0.000027	0.000007	0.000004	0.000003	0.000003	0.000002	0.000002	0.000002	0.000002	0.000002	0.000002	0.000002	0.003078	0	chelex-10-sanger-S24-L003
23332821	0.010217	0.337024	0	0	0.66121	0	0.120755	0.020636	0.067449	0.00215	0.872199	0.007818	0.00012	0.000028	0.00001	0.000003	0.000003	0.000003	0.000002	0.000002	0.000002	0.000002	0.000002	0.000002	0.000002	0.002961	0	chelex-10-sanger-S24-L004
23332821	0.007003	0.320654	0	0	0.663001	0	0.13117	0.019394	0.063411	0.001468	0.878444	0.005463	0.000077	0.000012	0.000004	0.000002	0.000002	0.000002	0.000002	0.000002	0.000002	0.000002	0.000002	0.000002	0.000001	0.002049	0	chelex-10-sof-S9-L001
23332821	0.007186	0.320969	0	0	0.663116	0	0.128754	0.020001	0.063705	0.000864	0.87644	0.005577	0.000069	0.000013	0.000007	0.000003	0.000003	0.000002	0.000002	0.000002	0.000002	0.000002	0.000002	0.000002	0.000001	0.002117	0	chelex-10-sof-S9-L002
23332821	0.007326	0.32531	0	0	0.662234	0	0.128629	0.020903	0.064631	0.002382	0.87878	0.005712	0.000076	0.000016	0.000007	0.000003	0.000003	0.000002	0.000002	0.000002	0.000002	0.000002	0.000002	0.000002	0.000001	0.00213	0	chelex-10-sof-S9-L003
23332821	0.007377	0.323683	0	0	0.661653	0	0.128054	0.020286	0.064597	0.001897	0.876486	0.005775	0.000077	0.000015	0.000006	0.000004	0.000002	0.000002	0.000002	0.000002	0.000002	0.000002	0.000002	0.000002	0.000001	0.002184	0	chelex-10-sof-S9-L004
23332821	0.049055	0.391545	0	0	0.448358	0	0.073283	0.03232	0.121962	0.001191	0.677114	0.045078	0.000105	0.000024	0.000008	0.000006	0.000003	0.000003	0.000002	0.000002	0.000002	0.000002	0.000002	0.000002	0.000002	0.016222	0	chelex-1K-JP-S37-L001
23332821	0.051397	0.393342	0	0	0.442651	0	0.073113	0.0335	0.122754	0.00085	0.672868	0.047103	0.000103	0.000022	0.000012	0.000007	0.000003	0.000002	0.000002	0.000002	0.000002	0.000002	0.000002	0.000002	0.000001	0.016963	0	chelex-1K-JP-S37-L002
23332821	0.050442	0.391942	0	0	0.443826	0	0.076055	0.03486	0.122381	0.000984	0.678106	0.046199	0.000106	0.000023	0.000008	0.000003	0.000003	0.000002	0.000002	0.000002	0.000002	0.000002	0.000002	0.000002	0.000002	0.0165	0	chelex-1K-JP-S37-L003
23332821	0.051086	0.393276	0	0	0.443873	0	0.074214	0.034533	0.121755	0.001091	0.675465	0.046792	0.000102	0.00002	0.00001	0.000003	0.000003	0.000002	0.000002	0.000002	0.000002	0.000002	0.000002	0.000002	0.000002	0.016872	0	chelex-1K-JP-S37-L004
23332821	0.03093	0.358792	0	0	0.485042	0	0.077313	0.032359	0.118712	0.000483	0.713909	0.028473	0.000086	0.000015	0.000006	0.000003	0.000003	0.000003	0.000002	0.000002	0.000002	0.000002	0.000002	0.000002	0.000001	0.010126	0	chelex-1K-sanger-S22-L001
23332821	0.03133	0.357598	0	0	0.4897	0	0.077452	0.032002	0.115997	0.00033	0.71548	0.028962	0.000078	0.000018	0.000006	0.000003	0.000003	0.000002	0.000002	0.000002	0.000002	0.000002	0.000002	0.000001	0.000001	0.010333	0	chelex-1K-sanger-S22-L002
23332821	0.031307	0.356393	0	0	0.491296	0	0.079336	0.033015	0.115173	0.0002	0.719021	0.028786	0.000092	0.000016	0.000004	0.000002	0.000002	0.000002	0.000002	0.000002	0.000002	0.000002	0.000002	0.000002	0.000001	0.01028	0	chelex-1K-sanger-S22-L003
23332821	0.032355	0.358306	0	0	0.479815	0	0.078943	0.033014	0.116212	0.000199	0.708183	0.029644	0.000077	0.00002	0.000006	0.000004	0.000002	0.000002	0.000002	0.000002	0.000002	0.000002	0.000002	0.000001	0.000001	0.010626	0	chelex-1K-sanger-S22-L004
23332821	0.02479	0.349615	0	0	0.510576	0	0.092223	0.028876	0.105874	0.000726	0.738276	0.022661	0.000075	0.000017	0.000007	0.000003	0.000002	0.000002	0.000002	0.000002	0.000002	0.000002	0.000002	0.000002	0.000001	0.008116	0	chelex-1K-sof-S7-L001
23332821	0.025515	0.349711	0	0	0.513618	0	0.092341	0.030317	0.100232	0.000341	0.736849	0.023254	0.000091	0.000021	0.000005	0.000003	0.000003	0.000002	0.000002	0.000002	0.000002	0.000002	0.000001	0.000001	0.000001	0.008357	0	chelex-1K-sof-S7-L002
23332821	0.024274	0.34928	0	0	0.519693	0	0.095624	0.031457	0.100748	0.001102	0.748624	0.02212	0.000086	0.000015	0.000004	0.000003	0.000003	0.000002	0.000002	0.000002	0.000002	0.000002	0.000002	0.000002	0.000002	0.007891	0	chelex-1K-sof-S7-L003
23332821	0.026015	0.350982	0	0	0.508878	0	0.091674	0.029894	0.10147	0.001025	0.732941	0.023756	0.000073	0.000016	0.000006	0.000002	0.000002	0.000002	0.000002	0.000002	0.000002	0.000002	0.000002	0.000002	0.000001	0.008581	0	chelex-1K-sof-S7-L004
23332821	0	0	0	0	1	0	0	0	0	0	1	0	0	0	0	0	0	0	0	0	0	0	0	0	0	0	0	Neg-JP-S15-L001
23332821	0.000003	0.00172	0	0	0.66147	0	0	0.089087	0.095768	0	0.846325	0.000003	0	0	0	0	0	0	0	0	0	0	0	0	0	0.000001	0	Neg-JP-S15-L002
23332821	0	0	0	0	1	0	0	0	0	0	1	0	0	0	0	0	0	0	0	0	0	0	0	0	0	0	0	Neg-JP-S15-L003
23332821	0.000002	0.001242	0	0	0	0	0	0	0.5	0	0.5	0.000002	0	0	0	0	0	0	0	0	0	0	0	0	0	0	0	Neg-JP-S15-L004
23332821	0.000284	0.059866	0	0	0.930301	0	0.026127	0.004917	0.00824	0	0.969585	0.000169	0.000004	0.000003	0.000003	0.000003	0.000002	0.000001	0.000001	0	0	0	0	0	0	0.000061	0	Neg-sanger-S10-L001
23332821	0.00032	0.061879	0	0	0.933966	0	0.020087	0.00592	0.007574	0	0.967547	0.000198	0.000004	0.000004	0.000003	0.000003	0.000002	0.000001	0.000001	0	0	0	0	0	0	0.00007	0	Neg-sanger-S10-L002
23332821	0.000325	0.075626	0	0	0.934518	0	0.020506	0.004798	0.007592	0	0.967413	0.000181	0.000006	0.000004	0.000003	0.000003	0.000003	0.000002	0.000001	0.000001	0	0	0	0	0	0.000061	0	Neg-sanger-S10-L003
23332821	0.000336	0.055141	0	0	0.931361	0	0.022558	0.007013	0.007658	0	0.96859	0.000234	0.000004	0.000003	0.000003	0.000002	0.000001	0.000001	0.000001	0	0	0	0	0	0	0.000084	0	Neg-sanger-S10-L004
23332821	0.009612	1.037812	0	0	0.735709	0	0.033113	0.015752	0.093978	0.048849	0.927402	0.001426	0.000187	0.000112	0.000089	0.000078	0.000068	0.000059	0.000049	0.000045	0.000042	0.000035	0.00003	0.000027	0.000022	0.000783	0	Neg-sof-S5-L001
23332821	0.01039	1.091176	0	0	0.732049	0	0.03275	0.016335	0.095019	0.050083	0.926236	0.001498	0.00021	0.00012	0.000094	0.000084	0.000071	0.000062	0.000051	0.000046	0.000044	0.000039	0.000034	0.000031	0.000027	0.000799	0	Neg-sof-S5-L002
23332821	0.010075	1.061401	0	0	0.731754	0	0.035801	0.017706	0.092602	0.049362	0.927224	0.001539	0.000198	0.000123	0.000096	0.000074	0.000069	0.000064	0.00005	0.000045	0.000042	0.000035	0.000032	0.000028	0.000022	0.000855	0	Neg-sof-S5-L003
23332821	0.010429	1.081774	0	0	0.731143	0	0.034978	0.016406	0.093664	0.05042	0.926611	0.001607	0.000212	0.000123	0.000097	0.000083	0.000069	0.000065	0.000052	0.000044	0.000039	0.000035	0.000032	0.000029	0.000027	0.000884	0	Neg-sof-S5-L004
23332821	0	0	0	0	0.945988	0	0.054012	0	0	0	1	0	0	0	0	0	0	0	0	0	0	0	0	0	0	0	0	Neg-water-S40-L001
23332821	0	0	0	0	1	0	0	0	0	0	1	0	0	0	0	0	0	0	0	0	0	0	0	0	0	0	0	Neg-water-S40-L002
23332821	0.000002	0.001309	0	0	0.714286	0	0	0.003571	0.139286	0	0.857143	0.000002	0	0	0	0	0	0	0	0	0	0	0	0	0	0	0	Neg-water-S40-L003
23332821	0.000002	0.001242	0	0	0.583333	0	0.130952	0.003968	0.138889	0	0.857143	0.000002	0	0	0	0	0	0	0	0	0	0	0	0	0	0	0	Neg-water-S40-L004
23332821	0.684616	1.963793	0	0	0.127818	0	0.009128	0.044741	0.281626	0.000374	0.463687	0.292569	0.030517	0.007415	0.002979	0.001468	0.000856	0.000552	0.000218	0.000071	0.000013	0.000002	0.000002	0.000002	0.000002	0.146884	1	qia-100-JP-S33-L001
23332821	0.696998	1.993093	0	0	0.128027	0	0.008762	0.046983	0.280134	0.000301	0.464207	0.295852	0.03119	0.007637	0.003061	0.00153	0.000889	0.000561	0.000234	0.000095	0.00001	0.000002	0.000002	0.000002	0.000002	0.149217	1	qia-100-JP-S33-L002
23332821	0.700902	1.983476	0	0	0.129388	0	0.009094	0.0495	0.2772	0.000374	0.465557	0.296686	0.031626	0.007837	0.003183	0.001542	0.000877	0.000513	0.000192	0.000056	0.000012	0.000002	0.000002	0.000002	0.000002	0.149368	1	qia-100-JP-S33-L003
23332821	0.709003	2.020083	0	0	0.12731	0	0.008726	0.047485	0.279641	0.000372	0.463534	0.297645	0.032063	0.008115	0.003095	0.001568	0.000891	0.000581	0.000242	0.00009	0.000014	0.000002	0.000002	0.000002	0.000002	0.150597	1	qia-100-JP-S33-L004
23332821	5.415724	15.010731	1	1	0.129959	0	0.005175	0.049593	0.285444	0.012273	0.482444	0.621531	0.260564	0.136682	0.086836	0.060731	0.045192	0.035142	0.022834	0.015957	0.011759	0.009026	0.007096	0.005676	0.004637	0.451781	3	qia-100-sanger-S18-L001
23332821	5.536554	15.262983	1	1	0.129231	0	0.005502	0.052048	0.283831	0.012995	0.483607	0.623938	0.264812	0.139911	0.089024	0.062659	0.046922	0.036554	0.023708	0.016518	0.012117	0.009285	0.00731	0.005876	0.004815	0.455485	3	qia-100-sanger-S18-L002
23332821	5.618942	15.440257	1	1	0.129568	0	0.005161	0.054525	0.282605	0.013361	0.48522	0.628609	0.266947	0.141731	0.090474	0.063833	0.04777	0.037214	0.024325	0.017035	0.012503	0.00959	0.007564	0.006056	0.004926	0.459226	3	qia-100-sanger-S18-L003
23332821	5.603079	15.410483	1	1	0.12887	0	0.005221	0.051965	0.284012	0.013056	0.483124	0.627514	0.267023	0.141609	0.090005	0.063337	0.0475	0.036855	0.024035	0.016891	0.012407	0.009569	0.007618	0.00608	0.004903	0.459236	3	qia-100-sanger-S18-L004
23332821	6.280361	16.172662	1	1	0.094039	0	0.001905	0.050376	0.286277	0.006559	0.439157	0.630404	0.276131	0.159802	0.108446	0.079893	0.061308	0.048228	0.031857	0.022616	0.016483	0.012083	0.00901	0.00691	0.005498	0.46194	3	qia-100-sof-S3-L001
23332821	6.386964	16.419341	1	1	0.094064	0	0.002276	0.052699	0.284386	0.006693	0.440118	0.631967	0.278952	0.161447	0.110503	0.081524	0.062701	0.049797	0.032906	0.023123	0.016883	0.012546	0.009432	0.007311	0.005752	0.464159	3	qia-100-sof-S3-L002
23332821	6.479437	16.592503	1	1	0.093935	0	0.001919	0.05524	0.283378	0.006966	0.441438	0.63448	0.282166	0.163856	0.112334	0.082958	0.063817	0.050557	0.033599	0.023529	0.017294	0.01295	0.009722	0.00748	0.005917	0.466825	3	qia-100-sof-S3-L003
23332821	6.484947	16.644599	1	1	0.093309	0	0.002084	0.053265	0.284801	0.006932	0.440391	0.635435	0.281244	0.163377	0.112032	0.082788	0.063953	0.050703	0.033734	0.023838	0.017457	0.012988	0.009758	0.007469	0.005859	0.466949	3	qia-100-sof-S3-L004
23332821	0.21203	1.650201	0	0	0.200844	0	0.024156	0.044115	0.25431	0.001317	0.524742	0.093182	0.007696	0.002707	0.001646	0.001106	0.000731	0.000435	0.000135	0.000049	0.000043	0.000041	0.00004	0.000038	0.000033	0.04265	0	qia-10-JP-S34-L001
23332821	0.216915	1.649219	0	0	0.200972	0	0.024803	0.045178	0.252516	0.001075	0.524544	0.095193	0.007714	0.002837	0.001689	0.001172	0.000791	0.000453	0.000158	0.000062	0.000043	0.00004	0.000039	0.000035	0.000033	0.043691	0	qia-10-JP-S34-L002
23332821	0.218577	1.652419	0	0	0.203581	0	0.024343	0.047557	0.250114	0.001296	0.526891	0.095831	0.007819	0.002912	0.001728	0.001224	0.000771	0.000449	0.00013	0.000051	0.000041	0.000039	0.000037	0.000032	0.00003	0.043858	0	qia-10-JP-S34-L003
23332821	0.219657	1.671734	0	0	0.19745	0	0.024485	0.046069	0.255359	0.00122	0.524582	0.095952	0.007857	0.002893	0.00173	0.001201	0.000793	0.000492	0.000159	0.000069	0.000043	0.000041	0.000038	0.000034	0.000032	0.044041	0	qia-10-JP-S34-L004
23332821	7.014901	13.230002	3	3	0.092139	0	0.001651	0.046442	0.266563	0.001538	0.408333	0.736913	0.380601	0.210822	0.131552	0.088166	0.063225	0.046821	0.028082	0.018025	0.01196	0.008058	0.005511	0.003841	0.002776	0.574799	4	qia-10K-JP-S31-L001
23332821	7.167924	13.490089	3	3	0.0917	0	0.002061	0.048857	0.265289	0.001679	0.409586	0.73911	0.386925	0.215303	0.135149	0.090875	0.064917	0.048323	0.029085	0.01898	0.012522	0.008496	0.005868	0.004092	0.002906	0.578966	4	qia-10K-JP-S31-L002
23332821	7.247846	13.627809	3	3	0.092505	0	0.00167	0.051965	0.263575	0.001639	0.411354	0.740918	0.390245	0.218473	0.136603	0.092034	0.065887	0.049047	0.029522	0.018978	0.012781	0.008725	0.006105	0.004269	0.00309	0.581842	4	qia-10K-JP-S31-L003
23332821	7.239359	13.618164	3	3	0.09159	0	0.001843	0.048972	0.265589	0.001627	0.40962	0.741799	0.389023	0.217383	0.136632	0.092132	0.065867	0.049174	0.029632	0.019119	0.012912	0.008797	0.006064	0.004211	0.002996	0.581221	4	qia-10K-JP-S31-L004
23332821	11.809795	20.175231	5	5	0.099072	0	0.001149	0.050931	0.263263	0.004685	0.419101	0.813714	0.538536	0.351454	0.24289	0.174358	0.129594	0.098908	0.060982	0.040141	0.028077	0.020553	0.015783	0.01243	0.009922	0.694781	5	qia-10K-sanger-S16-L001
23332821	12.015296	20.425628	5	5	0.099091	0	0.001509	0.053306	0.261781	0.004907	0.420594	0.815949	0.54334	0.35796	0.248053	0.177768	0.13181	0.10094	0.062668	0.041377	0.028877	0.021292	0.016334	0.012941	0.010409	0.698174	5	qia-10K-sanger-S16-L002
23332821	12.129488	20.637798	5	5	0.099216	0	0.001125	0.055747	0.260978	0.005048	0.422113	0.815466	0.54585	0.359977	0.250179	0.179838	0.133483	0.102342	0.063858	0.04227	0.029638	0.021896	0.016698	0.013167	0.010471	0.698422	5	qia-10K-sanger-S16-L003
23332821	12.194782	20.736702	6	5	0.098663	0	0.001318	0.053576	0.261983	0.00489	0.420431	0.81742	0.547126	0.361404	0.251477	0.181558	0.135105	0.10291	0.064016	0.042499	0.029773	0.022032	0.016894	0.01327	0.010588	0.700416	5	qia-10K-sanger-S16-L004
23332821	11.390514	18.055826	5	5	0.10055	0	0.001169	0.051296	0.258886	0.001176	0.413077	0.819523	0.543081	0.352123	0.240614	0.171146	0.126142	0.095626	0.058551	0.037759	0.025085	0.017332	0.012557	0.009289	0.007011	0.700576	5	qia-10K-sof-S1-L001
23332821	11.633198	18.400414	6	5	0.099924	0	0.00122	0.053309	0.258072	0.001222	0.413747	0.821992	0.548815	0.357672	0.246285	0.175837	0.129681	0.09835	0.060514	0.039471	0.02639	0.018373	0.013169	0.009787	0.007465	0.704673	5	qia-10K-sof-S1-L002
23332821	11.71282	18.512812	6	5	0.100488	0	0.001138	0.056208	0.256674	0.001241	0.415749	0.822624	0.550448	0.359826	0.247983	0.177416	0.130844	0.099467	0.061483	0.039938	0.026764	0.018479	0.01327	0.009923	0.007585	0.705536	5	qia-10K-sof-S1-L003
23332821	11.778571	18.578096	6	5	0.100316	0	0.001098	0.054152	0.257992	0.001219	0.414776	0.82352	0.552643	0.361742	0.249254	0.178326	0.131798	0.100348	0.062049	0.040368	0.02709	0.018816	0.013533	0.010039	0.007589	0.706502	5	qia-10K-sof-S1-L004
23332821	4.301191	20.033374	0	0	0.113168	0	0.005343	0.0506	0.300159	0.079603	0.548874	0.336373	0.128228	0.0779	0.056756	0.045109	0.037503	0.032017	0.02432	0.01942	0.015973	0.013348	0.011306	0.009778	0.008598	0.229541	1	qia-10-sanger-S19-L001
23332821	4.375773	20.227299	0	0	0.112474	0	0.005685	0.05297	0.298646	0.08054	0.550315	0.338176	0.130051	0.079466	0.057648	0.04581	0.03798	0.032464	0.024968	0.019994	0.016348	0.013608	0.01156	0.009999	0.008835	0.231538	1	qia-10-sanger-S19-L002
23332821	4.417111	20.367386	0	0	0.113291	0	0.005385	0.054971	0.297685	0.081792	0.553124	0.33799	0.130845	0.07992	0.058289	0.046441	0.038713	0.032985	0.025108	0.0201	0.016472	0.013732	0.011684	0.010144	0.008986	0.231888	1	qia-10-sanger-S19-L003
23332821	4.408218	20.322373	0	0	0.113257	0	0.005484	0.052982	0.29879	0.081829	0.552343	0.340122	0.131175	0.079833	0.058188	0.046091	0.038259	0.032642	0.025074	0.020161	0.016513	0.013708	0.011595	0.010104	0.008929	0.233223	1	qia-10-sanger-S19-L004
23332821	3.940787	18.456782	0	0	0.095889	0	0.002287	0.049314	0.281367	0.036989	0.465846	0.309225	0.114971	0.069338	0.051542	0.041878	0.035614	0.031075	0.024712	0.020109	0.016545	0.013654	0.011395	0.009622	0.008307	0.209369	1	qia-10-sof-S4-L001
23332821	4.019902	18.736283	0	0	0.09546	0	0.002646	0.051425	0.279746	0.037832	0.467108	0.312393	0.116936	0.070212	0.05219	0.042377	0.036122	0.031607	0.025048	0.020443	0.016894	0.014076	0.011863	0.010092	0.008622	0.211765	1	qia-10-sof-S4-L002
23332821	4.06148	18.911131	0	0	0.096492	0	0.002289	0.054634	0.278034	0.038552	0.470002	0.314057	0.117472	0.070776	0.052436	0.042635	0.036274	0.031748	0.025283	0.02073	0.017218	0.014223	0.011887	0.01011	0.008717	0.213415	1	qia-10-sof-S4-L003
23332821	4.04668	18.840656	0	0	0.095725	0	0.00241	0.051576	0.279453	0.038847	0.468011	0.3127	0.117184	0.070527	0.052559	0.042594	0.036177	0.031518	0.025256	0.020693	0.017148	0.014208	0.011904	0.010165	0.00873	0.21198	1	qia-10-sof-S4-L004
23332821	0.97374	2.445244	0	0	0.136192	0	0.006275	0.047517	0.242098	0.000097	0.43218	0.374704	0.04664	0.012569	0.005535	0.002925	0.001606	0.000902	0.00028	0.000075	0.000009	0.000006	0.000006	0.000006	0.000006	0.195313	1	qia-1K-JP-S32-L001
23332821	0.995647	2.491166	0	0	0.134917	0	0.006325	0.049725	0.24076	0.000054	0.43178	0.379591	0.047696	0.01296	0.005839	0.003027	0.001676	0.000957	0.000321	0.000064	0.000014	0.000006	0.000006	0.000006	0.000006	0.198675	1	qia-1K-JP-S32-L002
23332821	1.010622	2.531185	0	0	0.13671	0	0.00625	0.053347	0.238037	0.000085	0.434428	0.383565	0.048674	0.013554	0.005851	0.003225	0.001791	0.000977	0.000355	0.000082	0.000015	0.00001	0.000006	0.000006	0.000006	0.200588	1	qia-1K-JP-S32-L003
23332821	1.004951	2.515108	0	0	0.135301	0	0.005933	0.050145	0.240466	0.000089	0.431934	0.38181	0.048731	0.013548	0.005733	0.003053	0.001715	0.000964	0.000358	0.000086	0.000024	0.000009	0.000006	0.000006	0.000006	0.199742	1	qia-1K-JP-S32-L004
23332821	9.141588	23.74571	2	2	0.090178	0	0.00136	0.053139	0.284352	0.045858	0.474886	0.712558	0.362581	0.214202	0.14518	0.106544	0.082562	0.06656	0.04708	0.035765	0.028014	0.022542	0.018657	0.015713	0.013453	0.552532	3	qia-1K-sanger-S17-L001
23332821	9.295749	24.015253	2	2	0.089584	0	0.001709	0.055492	0.283011	0.046622	0.476418	0.714425	0.367652	0.217082	0.147409	0.108565	0.084439	0.068132	0.048217	0.036496	0.028804	0.023213	0.019112	0.016031	0.013698	0.556635	4	qia-1K-sanger-S17-L002
23332821	9.389314	24.203096	2	2	0.090091	0	0.001327	0.057526	0.282259	0.047209	0.478414	0.715814	0.370052	0.218872	0.14944	0.110037	0.085125	0.068536	0.048643	0.037189	0.029202	0.023597	0.019376	0.016278	0.013943	0.558193	4	qia-1K-sanger-S17-L003
23332821	9.415092	24.221369	2	2	0.089683	0	0.001516	0.055908	0.283353	0.047357	0.477817	0.716275	0.370716	0.219497	0.150101	0.110433	0.085741	0.069111	0.049105	0.037427	0.029334	0.023517	0.019267	0.016247	0.01394	0.558864	4	qia-1K-sanger-S17-L004
23332821	6.131733	16.172818	2	2	0.096055	0	0.001773	0.051022	0.27168	0.019534	0.440063	0.648311	0.290605	0.157208	0.100717	0.071274	0.053471	0.041613	0.027346	0.0193	0.013988	0.01058	0.008223	0.006553	0.005356	0.478738	3	qia-1K-sof-S2-L001
23332821	6.263658	16.437593	2	2	0.096174	0	0.001876	0.052833	0.270297	0.019988	0.441169	0.652756	0.294962	0.160601	0.103048	0.072848	0.054665	0.042783	0.028418	0.019998	0.014589	0.011155	0.008629	0.0069	0.005619	0.483447	3	qia-1K-sof-S2-L002
23332821	6.323275	16.534011	2	2	0.096533	0	0.001771	0.056097	0.269002	0.019873	0.443277	0.653829	0.296879	0.162253	0.104469	0.074069	0.05558	0.043533	0.028813	0.020166	0.014792	0.011313	0.008788	0.006973	0.00566	0.484585	3	qia-1K-sof-S2-L003
23332821	6.31875	16.50102	2	2	0.096617	0	0.001716	0.053117	0.270393	0.020063	0.441906	0.653762	0.295709	0.16237	0.104815	0.074025	0.055631	0.043562	0.028883	0.02033	0.014883	0.011192	0.008713	0.006984	0.005726	0.484307	3	qia-1K-sof-S2-L004
23332821	0.98512	6.00266	0	0	0.114001	0	0.010685	0.130411	0.15917	0.006363	0.42063	0.279144	0.03994	0.015529	0.008856	0.005921	0.004274	0.003321	0.002271	0.001787	0.00147	0.001219	0.001015	0.000811	0.000695	0.140068	1	qiainv-100-JP-S30-L001
23332821	1.015585	6.156979	0	0	0.113415	0	0.011053	0.123471	0.163953	0.006761	0.418652	0.284076	0.041408	0.015744	0.009101	0.006209	0.004568	0.003495	0.002369	0.001863	0.001553	0.001306	0.001077	0.00088	0.000749	0.143362	1	qiainv-100-JP-S30-L002
23332821	1.008549	6.121009	0	0	0.114868	0	0.010502	0.133164	0.158835	0.006243	0.423612	0.28363	0.041121	0.016024	0.009027	0.006002	0.004314	0.003327	0.002217	0.001769	0.001536	0.001291	0.001024	0.000815	0.00071	0.142827	1	qiainv-100-JP-S30-L003
23332821	1.012666	6.171059	0	0	0.114746	0	0.011026	0.13177	0.159215	0.007657	0.424415	0.284537	0.040433	0.015697	0.009117	0.006223	0.004548	0.003478	0.002387	0.001819	0.001511	0.001246	0.000994	0.000816	0.000716	0.143397	1	qiainv-100-JP-S30-L004
23332821	1.728467	7.19787	0	0	0.212355	0	0.048871	0.048197	0.224483	0.015942	0.549848	0.361698	0.082613	0.036639	0.02156	0.014613	0.010662	0.008192	0.005467	0.003922	0.002868	0.002048	0.00151	0.001122	0.000854	0.215181	1	qiainv-100-sanger-S28-L001
23332821	1.763551	7.339834	0	0	0.211422	0	0.047998	0.049866	0.224044	0.015648	0.548978	0.364453	0.083458	0.037596	0.022356	0.015071	0.011059	0.008532	0.005649	0.004092	0.0029	0.002122	0.001559	0.001124	0.000862	0.2177	1	qiainv-100-sanger-S28-L002
23332821	1.774896	7.334011	0	0	0.215064	0	0.04841	0.052401	0.221716	0.015812	0.553403	0.365172	0.085072	0.037556	0.022414	0.015286	0.011254	0.00864	0.005624	0.004029	0.003002	0.002209	0.001611	0.001187	0.000889	0.217649	1	qiainv-100-sanger-S28-L003
23332821	1.783748	7.394675	0	0	0.207685	0	0.047417	0.050416	0.225906	0.015621	0.547044	0.365901	0.085018	0.038001	0.022537	0.015247	0.011202	0.008698	0.005712	0.004115	0.003052	0.002216	0.001596	0.00118	0.000917	0.218764	1	qiainv-100-sanger-S28-L004
23332821	5.946002	19.753772	1	1	0.092232	0	0.001691	0.052365	0.277707	0.080945	0.504941	0.550471	0.221873	0.128091	0.088803	0.066635	0.052704	0.043558	0.03161	0.023948	0.019047	0.015511	0.012739	0.010614	0.008912	0.388166	2	qiainv-100-sof-S13-L001
23332821	6.04359	19.974387	1	1	0.09182	0	0.002039	0.054652	0.276179	0.081301	0.505991	0.552114	0.224871	0.129693	0.089912	0.06797	0.054055	0.044426	0.032174	0.024707	0.019507	0.015741	0.013005	0.010842	0.009136	0.391021	2	qiainv-100-sof-S13-L002
23332821	6.092056	20.079502	1	1	0.092616	0	0.001662	0.0564	0.275292	0.081934	0.507903	0.554532	0.22501	0.130357	0.090495	0.068786	0.054694	0.04507	0.032606	0.02489	0.019707	0.016009	0.013231	0.011093	0.009339	0.392288	2	qiainv-100-sof-S13-L003
23332821	6.126603	20.162409	1	1	0.092543	0	0.0018	0.055231	0.275656	0.082238	0.507468	0.554221	0.227214	0.131757	0.091073	0.068435	0.054575	0.045137	0.03281	0.025148	0.01984	0.01619	0.013425	0.011263	0.009462	0.39287	2	qiainv-100-sof-S13-L004
23332821	0.199754	2.380714	0	0	0.327211	0	0.033986	0.058483	0.167542	0.02121	0.608431	0.098134	0.00585	0.001664	0.000685	0.000308	0.000172	0.000139	0.000125	0.000113	0.000105	0.000102	0.000096	0.00009	0.000085	0.042308	0	qiainv-10-JP-S35-L001
23332821	0.204033	2.384957	0	0	0.325925	0	0.033916	0.052589	0.173237	0.022451	0.608119	0.09971	0.006129	0.001667	0.000679	0.000268	0.00016	0.000141	0.000122	0.000112	0.000103	0.000101	0.000098	0.000094	0.000085	0.043773	0	qiainv-10-JP-S35-L002
23332821	0.206137	2.396046	0	0	0.324957	0	0.033999	0.0604	0.167135	0.022252	0.608744	0.100159	0.00619	0.001797	0.000726	0.000286	0.000172	0.000149	0.00013	0.000119	0.00011	0.000101	0.000097	0.000095	0.000084	0.043437	0	qiainv-10-JP-S35-L003
23332821	0.205097	2.385636	0	0	0.3248	0	0.034589	0.057112	0.17067	0.022642	0.609814	0.10037	0.006182	0.001717	0.00069	0.000299	0.000172	0.000143	0.000129	0.000114	0.000104	0.000101	0.000099	0.000094	0.000087	0.043508	0	qiainv-10-JP-S35-L004
23332821	5.628508	10.682415	3	3	0.099013	0	0.002226	0.049072	0.262092	0.022307	0.43471	0.750668	0.359202	0.171117	0.093543	0.056184	0.035702	0.024074	0.012107	0.006878	0.004344	0.003	0.002188	0.001698	0.001385	0.574272	4	qiainv-10K-JP-S20-L001
23332821	5.73749	10.859447	3	3	0.098689	0	0.002221	0.051256	0.260907	0.022576	0.43565	0.752078	0.364563	0.174889	0.096343	0.057824	0.037124	0.025151	0.012995	0.007364	0.004613	0.003087	0.002263	0.001752	0.001388	0.5781	4	qiainv-10K-JP-S20-L002
23332821	5.794291	10.946935	3	3	0.09902	0	0.002251	0.054308	0.259793	0.022626	0.437999	0.7545	0.36685	0.177165	0.097969	0.059283	0.038251	0.025837	0.01305	0.00724	0.004524	0.003216	0.002349	0.001845	0.001485	0.580619	4	qiainv-10K-JP-S20-L003
23332821	5.799711	10.911576	3	3	0.098435	0	0.002057	0.051546	0.261369	0.022895	0.436302	0.754645	0.367673	0.177278	0.098281	0.059177	0.038221	0.025882	0.012984	0.007495	0.004679	0.003152	0.002271	0.00176	0.001426	0.580791	4	qiainv-10K-JP-S20-L004
23332821	9.558847	17.347716	4	4	0.104784	0	0.001134	0.051751	0.278535	0.008444	0.444648	0.799567	0.490307	0.289917	0.184493	0.126342	0.091283	0.068029	0.041262	0.027558	0.019535	0.01445	0.010793	0.008337	0.006546	0.668336	5	qiainv-10K-sanger-S26-L001
23332821	9.745911	17.625525	4	4	0.10418	0	0.001408	0.053673	0.277255	0.00866	0.445176	0.802452	0.496285	0.296144	0.189894	0.129839	0.09327	0.06965	0.04232	0.028239	0.020136	0.014885	0.011298	0.008667	0.006759	0.672397	5	qiainv-10K-sanger-S26-L002
23332821	9.860743	17.811759	4	4	0.104757	0	0.001093	0.056553	0.276068	0.008756	0.447226	0.804196	0.498449	0.298706	0.192676	0.131924	0.095303	0.071237	0.043335	0.028841	0.020612	0.01523	0.011577	0.008924	0.007004	0.674462	5	qiainv-10K-sanger-S26-L003
23332821	9.865885	17.797019	5	4	0.103888	0	0.001234	0.053957	0.277795	0.008785	0.445659	0.804257	0.500066	0.29951	0.19249	0.132429	0.095092	0.070981	0.043221	0.028995	0.020591	0.015052	0.011323	0.008759	0.006888	0.675254	5	qiainv-10K-sanger-S26-L004
23332821	9.078761	15.836385	4	4	0.096958	0	0.001195	0.051541	0.291458	0.009969	0.451121	0.797767	0.488695	0.288089	0.182037	0.121619	0.085079	0.061975	0.035781	0.022493	0.014836	0.010253	0.007379	0.005542	0.004344	0.667518	5	qiainv-10K-sof-S11-L001
23332821	9.272151	16.141771	4	4	0.096811	0	0.001501	0.053662	0.289747	0.010371	0.452091	0.799297	0.493434	0.29361	0.186452	0.125194	0.087928	0.064306	0.037687	0.023549	0.015585	0.01086	0.00791	0.005951	0.004592	0.670938	5	qiainv-10K-sof-S11-L002
23332821	9.350558	16.263047	4	4	0.097076	0	0.001152	0.055815	0.288584	0.01027	0.452896	0.800817	0.496075	0.296317	0.188455	0.12637	0.088649	0.064838	0.037971	0.024269	0.016084	0.01118	0.008081	0.006032	0.004729	0.672421	5	qiainv-10K-sof-S11-L003
23332821	9.398957	16.290876	4	4	0.096459	0	0.001317	0.054306	0.289627	0.010352	0.45206	0.801487	0.497708	0.297616	0.18974	0.127668	0.0899	0.065923	0.038435	0.024265	0.016052	0.011115	0.008104	0.00611	0.004712	0.674488	5	qiainv-10K-sof-S11-L004
23332821	0.869426	6.577473	0	0	0.35111	0	0.04832	0.045731	0.193208	0.069737	0.708105	0.177769	0.03572	0.01671	0.010241	0.007029	0.005225	0.004019	0.002851	0.002166	0.001696	0.001357	0.001147	0.000987	0.000891	0.100836	0	qiainv-10-sanger-S29-L001
23332821	0.88504	6.649197	0	0	0.350964	0	0.04809	0.046821	0.1922	0.069433	0.707508	0.179304	0.036512	0.017214	0.010548	0.007094	0.005167	0.004053	0.002865	0.00221	0.001797	0.001474	0.001204	0.001012	0.000891	0.101921	0	qiainv-10-sanger-S29-L002
23332821	0.893024	6.700421	0	0	0.350349	0	0.048303	0.048301	0.191266	0.07073	0.708949	0.180175	0.036903	0.017186	0.010656	0.007296	0.0054	0.004228	0.002925	0.002224	0.001762	0.001408	0.00117	0.001012	0.000914	0.102702	0	qiainv-10-sanger-S29-L003
23332821	0.893176	6.714349	0	0	0.347216	0	0.04814	0.046988	0.193661	0.07123	0.707234	0.180312	0.036619	0.017044	0.010615	0.007245	0.005339	0.004181	0.002882	0.002266	0.00186	0.001476	0.001221	0.001041	0.000916	0.10254	0	qiainv-10-sanger-S29-L004
23332821	3.258014	15.891567	0	0	0.09434	0	0.003053	0.049327	0.303603	0.067201	0.517523	0.310667	0.10867	0.065668	0.047386	0.036731	0.02957	0.024402	0.017493	0.013286	0.010439	0.008471	0.007064	0.006093	0.005341	0.206122	1	qiainv-10-sof-S14-L001
23332821	3.314123	16.031153	0	0	0.094673	0	0.002995	0.051346	0.302019	0.068605	0.519637	0.312426	0.110654	0.066757	0.04802	0.037167	0.030165	0.025047	0.017954	0.013665	0.010726	0.008679	0.007297	0.006283	0.005434	0.207963	1	qiainv-10-sof-S14-L002
23332821	3.34637	16.129845	0	0	0.095069	0	0.003001	0.054621	0.299864	0.069565	0.52212	0.314513	0.111307	0.067321	0.048402	0.037706	0.030562	0.02527	0.018211	0.013795	0.010871	0.008793	0.007322	0.006302	0.005537	0.208905	1	qiainv-10-sof-S14-L003
23332821	3.344647	16.160583	0	0	0.094647	0	0.002849	0.051823	0.302	0.070069	0.521388	0.313718	0.110761	0.067484	0.048677	0.037733	0.030457	0.025204	0.018263	0.013719	0.010806	0.008729	0.007229	0.006197	0.005453	0.208672	1	qiainv-10-sof-S14-L004
23332821	0.451601	1.314469	0	0	0.163651	0	0.020539	0.047565	0.205999	0.02509	0.462844	0.258456	0.011327	0.001905	0.000739	0.000372	0.00023	0.000162	0.000081	0.000038	0.000018	0.000011	0.000005	0.000004	0.000003	0.112887	1	qiainv-1K-JP-S25-L001
23332821	0.462091	1.34126	0	0	0.162348	0	0.019689	0.049146	0.203696	0.02512	0.459998	0.262052	0.011926	0.002088	0.000812	0.000403	0.000219	0.000149	0.00007	0.000037	0.000022	0.000013	0.000009	0.000008	0.000003	0.114473	1	qiainv-1K-JP-S25-L002
23332821	0.469882	1.380058	0	0	0.163113	0	0.019607	0.052756	0.201896	0.02506	0.462433	0.264836	0.011956	0.00218	0.000924	0.000414	0.000246	0.000189	0.000098	0.000055	0.000029	0.000017	0.000009	0.000004	0.000004	0.116018	1	qiainv-1K-JP-S25-L003
23332821	0.467919	1.370732	0	0	0.160813	0	0.019709	0.050232	0.204183	0.024854	0.459791	0.265019	0.011806	0.002035	0.000847	0.000452	0.000244	0.000166	0.000092	0.000052	0.000032	0.000018	0.000012	0.000008	0.000003	0.115567	1	qiainv-1K-JP-S25-L004
23332821	4.308954	11.944935	1	1	0.159629	0	0.003584	0.051162	0.258835	0.012552	0.485761	0.609065	0.221251	0.108994	0.066404	0.045228	0.032657	0.024531	0.014994	0.01011	0.0072	0.005254	0.004059	0.003268	0.002698	0.421188	2	qiainv-1K-sanger-S27-L001
23332821	4.398144	12.163217	1	1	0.159719	0	0.003577	0.053058	0.257864	0.01277	0.486988	0.612926	0.224455	0.111303	0.068141	0.046466	0.033647	0.02529	0.015559	0.010627	0.007445	0.005463	0.004226	0.003409	0.002822	0.425334	2	qiainv-1K-sanger-S27-L002
23332821	4.423064	12.199325	1	1	0.159623	0	0.003487	0.055738	0.256333	0.012999	0.48818	0.613959	0.225398	0.111607	0.068663	0.046824	0.034127	0.025912	0.015993	0.010798	0.007449	0.005487	0.004271	0.00342	0.002863	0.425514	2	qiainv-1K-sanger-S27-L003
23332821	4.440532	12.194853	1	1	0.158698	0	0.003492	0.053089	0.2589	0.012901	0.48708	0.615286	0.226747	0.112888	0.069009	0.047253	0.034203	0.025735	0.015983	0.010733	0.007604	0.005561	0.00418	0.003363	0.002845	0.426863	2	qiainv-1K-sanger-S27-L004
23332821	6.692799	20.174338	1	1	0.103327	0	0.0016	0.049695	0.282238	0.051647	0.488508	0.624963	0.268435	0.149631	0.100963	0.074236	0.057798	0.046842	0.033194	0.025369	0.020149	0.016372	0.013532	0.01135	0.009626	0.454288	3	qiainv-1K-sof-S12-L001
23332821	6.799672	20.412052	1	1	0.103202	0	0.001597	0.051631	0.281138	0.052128	0.489696	0.627422	0.270428	0.151932	0.102344	0.075932	0.059249	0.047927	0.034014	0.025964	0.020532	0.016744	0.013775	0.011549	0.00981	0.457409	3	qiainv-1K-sof-S12-L002
23332821	6.884246	20.60168	1	1	0.103121	0	0.001587	0.054236	0.279957	0.052756	0.491657	0.629466	0.272863	0.153129	0.103656	0.076969	0.060157	0.048759	0.034672	0.026439	0.021082	0.017103	0.014055	0.011833	0.010037	0.459549	3	qiainv-1K-sof-S12-L003
23332821	6.918725	20.68396	1	1	0.103329	0	0.001471	0.052153	0.280992	0.052353	0.490299	0.630292	0.273742	0.154324	0.104058	0.077125	0.060192	0.049055	0.034965	0.026605	0.021144	0.017147	0.014221	0.011933	0.010134	0.460519	3	qiainv-1K-sof-S12-L004
23332821	5.937274	8.626572	3	3	0.154977	0	0.038176	0.12188	0.19438	0.00112	0.510533	0.794064	0.40747	0.190009	0.100306	0.058211	0.036205	0.023505	0.010903	0.005464	0.00304	0.001792	0.001065	0.00064	0.000405	0.631681	4	Undetermined-S0-L001
23332821	6.420376	9.296432	4	3	0.153828	0	0.05061	0.124361	0.188191	0.000925	0.517915	0.803718	0.431652	0.209486	0.113208	0.06712	0.042481	0.028252	0.013549	0.006983	0.003901	0.002365	0.001468	0.000904	0.000567	0.648378	5	Undetermined-S0-L002
23332821	5.432209	7.961493	3	3	0.149162	0	0.044369	0.109755	0.199788	0.000797	0.503871	0.781008	0.379037	0.169832	0.086665	0.049265	0.030075	0.019141	0.008651	0.004222	0.002238	0.001287	0.000757	0.000439	0.000256	0.608749	4	Undetermined-S0-L003
23332821	7.014061	10.099248	4	3	0.148579	0	0.047598	0.132377	0.188757	0.001308	0.518619	0.814386	0.458497	0.233337	0.129849	0.078515	0.05081	0.034177	0.01695	0.009148	0.005126	0.003107	0.001958	0.001249	0.000807	0.666916	5	Undetermined-S0-L004
