GENOME_TERRITORY	MEAN_COVERAGE	SD_COVERAGE	MEDIAN_COVERAGE	MAD_COVERAGE	PCT_EXC_MAPQ	PCT_EXC_DUPE	PCT_EXC_UNPAIRED	PCT_EXC_BASEQ	PCT_EXC_OVERLAP	PCT_EXC_CAPPED	PCT_EXC_TOTAL	PCT_1X	PCT_5X	PCT_10X	PCT_15X	PCT_20X	PCT_25X	PCT_30X	PCT_40X	PCT_50X	PCT_60X	PCT_70X	PCT_80X	PCT_90X	PCT_100X	HET_SNP_SENSITIVITY	HET_SNP_Q	sampleName
20782107	134.237554	82.813343	124	73	0.113744	0	0.0326	0.025451	0.165404	0.126734	0.463933	0.994701	0.984937	0.970048	0.952603	0.933308	0.912772	0.89114	0.845801	0.800176	0.75519	0.711888	0.669778	0.628985	0.589398	0.990437	20	8025874217
20782107	125.987756	83.833256	110	69	0.108223	0	0.036228	0.027126	0.162869	0.149444	0.483889	0.99255	0.979234	0.960653	0.939366	0.916075	0.891232	0.865417	0.813502	0.762717	0.713828	0.666981	0.622383	0.580001	0.53981	0.98679	19	8025874237
20782107	90.116029	78.869216	63	44	0.127745	0	0.041125	0.026724	0.164861	0.133011	0.493466	0.989764	0.960037	0.915257	0.867579	0.820368	0.774422	0.729487	0.648773	0.578835	0.517883	0.46471	0.418386	0.37794	0.342671	0.977285	16	8025874242
20782107	121.20797	88.88029	99	71	0.121757	0	0.040367	0.025702	0.1654	0.237313	0.590539	0.989322	0.96839	0.938927	0.907244	0.875065	0.843853	0.813884	0.757946	0.70499	0.655996	0.61156	0.571302	0.534305	0.499931	0.980496	17	8025874250
20782107	125.538712	87.530022	107	73	0.117859	0	0.038793	0.028352	0.163043	0.213907	0.561954	0.991335	0.974749	0.95069	0.923859	0.895968	0.867822	0.840135	0.786576	0.735039	0.686215	0.640732	0.598738	0.559978	0.524387	0.984176	18	8025874253
20782107	40.850355	43.258237	27	18	0.132753	0	0.031559	0.026205	0.174287	0.010475	0.375279	0.979968	0.904438	0.80105	0.704244	0.617502	0.540492	0.473446	0.362159	0.277142	0.215291	0.169365	0.134532	0.107675	0.086696	0.949794	13	8025874261
20782107	115.701762	89.067847	91	67	0.116309	0	0.036772	0.025753	0.165671	0.244327	0.588832	0.988267	0.962317	0.926637	0.890185	0.855269	0.821838	0.789561	0.728812	0.674828	0.626454	0.582265	0.54103	0.504205	0.470673	0.977174	16	8025874266
20782107	101.71367	82.612429	76	53	0.117202	0	0.038808	0.027072	0.162216	0.163605	0.508903	0.98964	0.965179	0.927815	0.887897	0.847868	0.809207	0.771494	0.700733	0.636709	0.579586	0.528273	0.482881	0.442007	0.405529	0.979145	17	8025874271
20782107	111.675345	84.88837	88	60	0.123322	0	0.039565	0.026	0.165837	0.180488	0.535212	0.991653	0.971561	0.941265	0.907566	0.873291	0.839008	0.805503	0.741748	0.682857	0.628351	0.578985	0.533866	0.492915	0.455455	0.983118	18	8025874297
20782107	85.687575	78.706867	57	41	0.120661	0	0.039202	0.027371	0.164421	0.140594	0.492249	0.9853	0.947369	0.893625	0.841348	0.790555	0.742505	0.696944	0.615252	0.545461	0.485956	0.435126	0.391418	0.353824	0.321092	0.969431	15	8025874300
20782107	97.73176	80.099575	72	49	0.127222	0	0.036157	0.026489	0.17141	0.131402	0.49268	0.990177	0.966177	0.930285	0.890422	0.849855	0.809983	0.771024	0.695986	0.627917	0.56668	0.512244	0.464539	0.421996	0.384201	0.980081	17	8025874316
20782107	120.866462	86.83483	100	69	0.121395	0	0.036898	0.026451	0.167019	0.198603	0.550366	0.991234	0.974065	0.948262	0.919299	0.889344	0.858886	0.829043	0.771105	0.71631	0.665866	0.619917	0.577321	0.537924	0.501716	0.983875	18	8025874321
20782107	122.498861	85.150838	103	67	0.124075	0	0.038315	0.027675	0.16573	0.17278	0.528575	0.992714	0.97804	0.957001	0.932213	0.905345	0.877546	0.849246	0.792565	0.738025	0.686948	0.638633	0.593382	0.551616	0.513231	0.986421	19	8025874328
20782107	226.182029	57.002	250	0	0.11724	0	0.035814	0.026358	0.166676	0.521579	0.867667	0.996809	0.994303	0.991572	0.988902	0.98613	0.983266	0.980362	0.974341	0.967813	0.960993	0.953788	0.946218	0.938231	0.930026	0.995679	24	8025874330
20782107	46.129181	69.456271	15	14	0.135879	0	0.040947	0.028148	0.167997	0.258311	0.631281	0.919496	0.730598	0.594594	0.506305	0.442628	0.394139	0.355827	0.297892	0.25603	0.224851	0.20091	0.181572	0.165542	0.151922	0.843859	8	8025874340
20782107	127.248087	84.263211	112	71	0.105189	0	0.035592	0.027038	0.160633	0.151411	0.479863	0.992984	0.978715	0.95901	0.937319	0.914264	0.89009	0.86501	0.813958	0.76422	0.716485	0.671176	0.627463	0.586174	0.547439	0.986792	19	8025874349
20782107	111.664049	84.462725	88	60	0.126109	0	0.037415	0.026339	0.167342	0.168267	0.525472	0.99116	0.971995	0.943329	0.911005	0.877052	0.84253	0.808693	0.74407	0.684744	0.630863	0.581446	0.535011	0.493541	0.456446	0.98296	18	8025874357
20782107	12.966034	42.629485	0	0	0.181371	0	0.053932	0.025597	0.153851	0.305336	0.720087	0.407273	0.220465	0.161908	0.132965	0.114459	0.101518	0.091446	0.077434	0.067266	0.059381	0.053219	0.048174	0.04404	0.040701	0.329967	2	8025874366
20782107	28.642748	36.106733	17	12	0.12531	0	0.035283	0.027449	0.172401	0.009633	0.370077	0.9646	0.829012	0.674982	0.549762	0.450448	0.371907	0.309558	0.22053	0.161821	0.121499	0.093732	0.073689	0.059044	0.04777	0.910576	10	8025874374
20782107	20.683967	26.497154	13	8	0.143514	0	0.040873	0.026366	0.172037	0.008174	0.390965	0.965307	0.804681	0.602681	0.447796	0.338748	0.260433	0.20405	0.131353	0.088606	0.062534	0.04529	0.033965	0.026004	0.020341	0.902149	10	8025874376
20782107	121.130849	81.86639	105	64	0.111295	0	0.034758	0.025968	0.164269	0.120431	0.456721	0.993062	0.978896	0.959083	0.936802	0.912667	0.887068	0.860698	0.806467	0.753794	0.702874	0.65386	0.606874	0.562361	0.520571	0.986957	19	8025874377
20782107	133.046016	83.702194	121	73	0.104163	0	0.035251	0.027218	0.158062	0.154924	0.479619	0.994312	0.98403	0.968128	0.950144	0.930481	0.909409	0.886781	0.8397	0.792294	0.745656	0.700704	0.657512	0.616393	0.577318	0.989784	20	8025874380
20782107	32.099374	32.048783	23	14	0.128899	0	0.031804	0.025418	0.174553	0.001495	0.362168	0.978672	0.896157	0.778798	0.666915	0.566257	0.47693	0.399923	0.280232	0.196206	0.138575	0.099712	0.072647	0.053923	0.040938	0.945641	13	8025874382
20782107	73.854746	72.338764	47	34	0.125431	0	0.03377	0.026469	0.171155	0.092149	0.448974	0.984322	0.938218	0.873544	0.810978	0.751708	0.696988	0.646948	0.558253	0.483734	0.423261	0.372356	0.329133	0.292778	0.26185	0.965276	15	8025874387
20782107	110.979051	84.101317	88	60	0.110315	0	0.035262	0.027344	0.158865	0.158305	0.490091	0.991491	0.971858	0.941877	0.908402	0.874117	0.839652	0.805662	0.741272	0.682665	0.629498	0.580258	0.534841	0.492914	0.455196	0.983087	18	8025874411
20782107	70.72569	79.641754	36	29	0.125453	0	0.041785	0.03153	0.162349	0.252444	0.613561	0.973745	0.886823	0.791123	0.713352	0.649213	0.595344	0.549001	0.474423	0.416221	0.369644	0.331752	0.300281	0.2741	0.251862	0.937878	12	8025874419
20782107	68.718548	70.497818	42	31	0.120414	0	0.038247	0.026682	0.164831	0.102732	0.452905	0.982396	0.92696	0.853644	0.784258	0.721217	0.663538	0.611867	0.523213	0.450463	0.390581	0.340841	0.298879	0.263923	0.234656	0.95924	14	8025874421
20782107	143.036933	89.096764	137	94	0.121618	0	0.037879	0.026767	0.164829	0.258212	0.609305	0.991687	0.978648	0.961267	0.941493	0.920173	0.898348	0.876245	0.831682	0.789689	0.74986	0.711238	0.674536	0.639843	0.606594	0.986056	19	8025874430
20782107	91.556275	66.23789	77	41	0.133164	0	0.03305	0.02521	0.176112	0.032732	0.400268	0.991485	0.974634	0.95044	0.922624	0.891514	0.858891	0.825344	0.755113	0.68439	0.6152	0.547101	0.482751	0.422999	0.3692	0.984392	18	8025874435
20782107	60.612328	77.971556	24	22	0.138634	0	0.042015	0.027788	0.170441	0.269203	0.64808	0.938141	0.800122	0.688071	0.607953	0.546592	0.497725	0.457283	0.394398	0.347259	0.310581	0.279734	0.253733	0.231545	0.212562	0.882706	9	8025874440
20782107	62.406133	66.94685	37	27	0.122949	0	0.039844	0.029336	0.162563	0.091759	0.446451	0.981181	0.917085	0.833771	0.756734	0.688079	0.627066	0.573398	0.482247	0.409841	0.351016	0.302352	0.262861	0.23047	0.203412	0.954724	13	8025874441
20782107	84.227947	76.792221	57	40	0.12241	0	0.037689	0.026183	0.167911	0.12512	0.479313	0.986888	0.951464	0.900094	0.847144	0.795672	0.746691	0.700595	0.617776	0.547247	0.486044	0.432946	0.387049	0.347722	0.31344	0.971987	16	8025874447
20782107	76.159565	70.588667	52	35	0.115846	0	0.037938	0.027017	0.161781	0.081786	0.424368	0.985834	0.94847	0.894659	0.839107	0.785139	0.73358	0.68456	0.595795	0.518545	0.45272	0.396591	0.348795	0.307717	0.272527	0.970116	15	8025874457
20782107	112.714897	81.94029	92	59	0.114908	0	0.03686	0.02625	0.162649	0.129729	0.470396	0.993348	0.97772	0.953594	0.925015	0.893893	0.861702	0.829938	0.767194	0.70813	0.653235	0.601485	0.553786	0.509783	0.469649	0.986585	19	8025874463
20782107	111.410189	84.174346	88	60	0.116997	0	0.037214	0.026606	0.162727	0.163914	0.507459	0.990668	0.970708	0.940943	0.907961	0.874327	0.841042	0.807974	0.744376	0.685631	0.631677	0.582212	0.537037	0.495715	0.457983	0.982091	17	8025874482
20782107	96.432223	75.516694	76	48	0.110569	0	0.035754	0.025547	0.16157	0.081924	0.415365	0.990455	0.967794	0.935659	0.900673	0.863796	0.826635	0.789892	0.719188	0.652434	0.590083	0.532497	0.479774	0.432089	0.389123	0.980855	17	8025874494
20782107	60.692605	65.792179	36	26	0.115819	0	0.040264	0.027464	0.16107	0.102161	0.446777	0.98293	0.921966	0.835704	0.754345	0.681765	0.61819	0.562028	0.467793	0.394718	0.337245	0.291358	0.253212	0.221319	0.19458	0.957744	14	8025874502
20782107	108.938613	81.834355	87	57	0.110417	0	0.035526	0.026128	0.16273	0.125865	0.460665	0.991562	0.97061	0.941561	0.909704	0.87638	0.843154	0.81028	0.74795	0.688643	0.633352	0.58158	0.534467	0.491026	0.45117	0.982665	18	8025874507
20782107	66.032092	68.132664	41	29	0.126734	0	0.042158	0.026906	0.161787	0.091812	0.449398	0.984573	0.931552	0.856855	0.784777	0.717923	0.656953	0.602185	0.510001	0.436006	0.375422	0.325598	0.284099	0.249628	0.220763	0.962629	14	8025874526
20782107	62.315644	66.554276	38	28	0.124918	0	0.040591	0.02631	0.166862	0.08864	0.447321	0.979341	0.91536	0.834327	0.75897	0.691463	0.630805	0.576632	0.484984	0.411187	0.351384	0.303254	0.263717	0.230503	0.203372	0.95306	13	8025874536
20782107	61.155836	65.415483	37	26	0.119043	0	0.04014	0.028645	0.161143	0.115223	0.464194	0.98489	0.929752	0.848155	0.767878	0.695608	0.629885	0.571998	0.476323	0.400235	0.340754	0.29271	0.253195	0.220933	0.193767	0.962062	14	8025874537
20782107	30.845716	56.448969	8	7	0.119478	0	0.040241	0.027521	0.1602	0.224548	0.571987	0.863686	0.60641	0.460122	0.374981	0.317483	0.275526	0.243573	0.198194	0.167204	0.144681	0.127343	0.113495	0.102078	0.092448	0.759918	6	8025874578
20782107	73.022815	73.775445	45	33	0.120427	0	0.039105	0.02605	0.166325	0.12758	0.479487	0.982571	0.930001	0.860292	0.794816	0.734294	0.678832	0.62869	0.542522	0.471184	0.41139	0.361708	0.320027	0.284768	0.25479	0.96082	14	8025874586
20782107	82.85915	83.797925	48	39	0.129738	0	0.039521	0.028252	0.170295	0.230413	0.59822	0.976968	0.912234	0.838148	0.773274	0.717667	0.668806	0.624977	0.551862	0.49186	0.442164	0.400268	0.365123	0.334966	0.308726	0.950431	13	8025874589
20782107	117.228672	81.825028	99	62	0.102183	0	0.035692	0.026806	0.161807	0.12064	0.447127	0.994374	0.980471	0.958087	0.932252	0.904309	0.87505	0.845628	0.787711	0.732394	0.67991	0.630532	0.584085	0.540064	0.498708	0.988356	19	8025874627
20782107	118.499875	90.803277	93	70	0.127649	0	0.039147	0.026447	0.167739	0.275099	0.636083	0.987943	0.961297	0.926503	0.890615	0.855158	0.821544	0.789237	0.730145	0.67668	0.628389	0.584869	0.546267	0.511591	0.48054	0.97672	16	8025874636
20782107	152.039819	85.863298	154	96	0.117646	0	0.035326	0.028513	0.166948	0.212887	0.561319	0.993857	0.98473	0.972377	0.958584	0.943517	0.927262	0.910071	0.873727	0.836144	0.79898	0.762172	0.726723	0.692498	0.659028	0.989904	20	8025874637
20782107	132.410116	88.665397	117	81	0.119713	0	0.037049	0.025592	0.169423	0.234392	0.586169	0.992378	0.977303	0.955493	0.931201	0.905076	0.879021	0.853088	0.80355	0.756289	0.711195	0.668355	0.628314	0.59078	0.55565	0.985957	19	8025874665
20782107	19.113379	31.964352	8	7	0.115958	0	0.03821	0.028186	0.160399	0.039534	0.382288	0.911319	0.658618	0.46615	0.349486	0.272193	0.217379	0.17762	0.124165	0.090967	0.069266	0.054453	0.043477	0.035446	0.029439	0.810018	7	8025874669
20782107	128.351427	88.238357	111	77	0.116055	0	0.039299	0.027871	0.163271	0.233562	0.580057	0.991844	0.97658	0.953778	0.927808	0.900172	0.872868	0.84573	0.793032	0.742713	0.694893	0.650444	0.609502	0.571267	0.535878	0.98525	18	8025874672
20782107	73.215838	65.935802	52	33	0.121989	0	0.033937	0.027134	0.170026	0.053629	0.406714	0.989133	0.957716	0.90888	0.854672	0.799909	0.746955	0.696171	0.601938	0.5196	0.44806	0.386647	0.334817	0.291404	0.254623	0.976002	16	8025874706
20782107	75.659947	74.385033	48	35	0.123876	0	0.038555	0.026718	0.164608	0.125246	0.479003	0.983375	0.936654	0.872676	0.809545	0.750161	0.695644	0.645918	0.55978	0.489112	0.430089	0.379871	0.337005	0.300834	0.269998	0.963953	14	8025874714
20782107	152.100048	87.276793	155	95	0.116175	0	0.034661	0.028884	0.167636	0.242406	0.589762	0.992976	0.982484	0.969311	0.954514	0.937992	0.9202	0.901789	0.864218	0.826536	0.78978	0.754173	0.719538	0.685918	0.653779	0.988423	19	8025874721
20782107	125.111582	84.520563	109	70	0.109404	0	0.03497	0.026904	0.162607	0.150767	0.484652	0.993451	0.978958	0.958416	0.935355	0.910102	0.883827	0.857001	0.803559	0.752436	0.70362	0.657246	0.613777	0.573217	0.534546	0.987259	19	8025874729
20782107	117.498341	84.752847	96	63	0.127792	0	0.036835	0.026025	0.17368	0.169909	0.534242	0.992437	0.977087	0.953169	0.925394	0.89541	0.864414	0.833363	0.773576	0.716244	0.662608	0.612878	0.56686	0.524758	0.486362	0.985884	19	8025874738
20782107	138.556306	84.314316	130	79	0.110222	0	0.033802	0.025515	0.165783	0.153547	0.488869	0.994308	0.983836	0.969058	0.951952	0.933121	0.913112	0.892358	0.849449	0.806345	0.763586	0.721979	0.681909	0.642949	0.605654	0.989737	20	8025874809
20782107	124.341503	86.796351	105	71	0.113504	0	0.03622	0.027665	0.165665	0.193388	0.536442	0.990933	0.974104	0.950673	0.924611	0.897087	0.869346	0.841863	0.787822	0.73518	0.686451	0.640446	0.597219	0.557144	0.520495	0.983698	18	8025874829
20782107	35.140846	49.553952	17	13	0.156576	0	0.035866	0.025654	0.178202	0.056085	0.452385	0.952532	0.8038	0.653688	0.541707	0.456026	0.389447	0.337097	0.259857	0.206742	0.168734	0.140189	0.117976	0.100522	0.08696	0.894108	10	8025874849
20782107	141.235861	84.164313	135	81	0.112158	0	0.0329	0.026274	0.166039	0.147979	0.48535	0.993543	0.983441	0.969233	0.953535	0.936287	0.917873	0.898376	0.857713	0.816225	0.77479	0.734238	0.694553	0.6561	0.619097	0.98912	20	8025874865
20782107	157.401497	83.289305	161	89	0.125876	0	0.039687	0.02851	0.1629	0.230988	0.587961	0.994777	0.988297	0.97956	0.969315	0.957902	0.945316	0.931616	0.900903	0.867777	0.832781	0.796855	0.761001	0.724935	0.689663	0.991946	21	8025874872
20782107	96.76479	82.434427	69	49	0.125269	0	0.039419	0.027253	0.165584	0.164602	0.522126	0.988014	0.958458	0.915608	0.870275	0.825576	0.783317	0.742699	0.668582	0.603655	0.54675	0.496268	0.451844	0.412908	0.37805	0.975478	16	8025874875
20782107	66.287716	65.889233	43	30	0.12259	0	0.039419	0.028693	0.164614	0.071825	0.427141	0.984488	0.938492	0.871772	0.804315	0.740221	0.680915	0.625652	0.530088	0.451288	0.385965	0.332388	0.288235	0.25158	0.22072	0.965258	15	8025874899
20782107	84.425855	80.19759	54	40	0.126079	0	0.04094	0.026513	0.16801	0.166076	0.527618	0.983742	0.937037	0.87652	0.818875	0.765121	0.716304	0.671604	0.594107	0.528469	0.472176	0.423404	0.381124	0.345016	0.313869	0.964442	14	8025874928
20782107	18.466613	18.166457	14	8	0.140877	0	0.038042	0.027356	0.171309	0.006065	0.38365	0.976572	0.856609	0.663451	0.484047	0.342247	0.240657	0.170731	0.089261	0.049971	0.029866	0.018605	0.012115	0.008146	0.005585	0.92854	11	8025874933
20782107	145.129349	88.014262	140	94	0.11903	0	0.035045	0.026374	0.168016	0.236005	0.58447	0.99424	0.984	0.968673	0.950662	0.931052	0.910197	0.88882	0.845402	0.802523	0.761795	0.723036	0.686309	0.651592	0.618294	0.989803	20	8025874940
20782107	97.279167	78.616039	73	48	0.12745	0	0.038176	0.026275	0.169115	0.119087	0.480103	0.990867	0.969315	0.93646	0.898782	0.859501	0.819618	0.780564	0.705642	0.636221	0.57291	0.515852	0.466057	0.421629	0.381745	0.981763	17	8025874973
20782107	148.612743	88.211681	148	99	0.1176	0	0.037556	0.025733	0.168526	0.261118	0.610534	0.993767	0.982814	0.967837	0.95063	0.931865	0.912069	0.891645	0.851322	0.811663	0.772999	0.735812	0.700278	0.66642	0.634122	0.989067	20	8025874975
20782107	56.446086	60.785382	35	24	0.128964	0	0.039908	0.027488	0.165932	0.060183	0.422475	0.983752	0.923881	0.838364	0.755283	0.679674	0.612751	0.552715	0.454624	0.378002	0.316884	0.267814	0.228441	0.196526	0.170204	0.959129	14	8025874988
20782107	84.187258	78.99693	55	40	0.124261	0	0.041685	0.026887	0.165509	0.149711	0.508052	0.986455	0.945155	0.887035	0.829813	0.775799	0.725977	0.680913	0.600259	0.531165	0.472458	0.423125	0.380783	0.344404	0.313034	0.969168	15	8025875029
20782107	113.933811	88.921871	88	65	0.120973	0	0.040227	0.028209	0.164984	0.233047	0.58744	0.989383	0.963341	0.927488	0.890432	0.853888	0.818003	0.783814	0.720446	0.664362	0.614785	0.570167	0.529661	0.493683	0.46079	0.978327	17	8025875042
20782107	66.97786	65.38934	45	31	0.116753	0	0.036354	0.026654	0.162484	0.060667	0.402912	0.984451	0.938153	0.872332	0.806782	0.746169	0.689826	0.636679	0.542941	0.463511	0.397546	0.342142	0.296272	0.258033	0.225221	0.965236	15	8025875052
20782107	86.358878	77.405755	59	41	0.12473	0	0.037854	0.025819	0.168331	0.130094	0.486828	0.98775	0.954066	0.903918	0.853041	0.803468	0.756441	0.712276	0.631005	0.559976	0.498649	0.445736	0.400217	0.36031	0.325523	0.973695	16	8025875059
20782107	82.75276	88.629154	43	38	0.127667	0	0.044793	0.026411	0.166772	0.330888	0.69653	0.961429	0.867647	0.781656	0.716331	0.66328	0.618856	0.580727	0.517521	0.465998	0.42315	0.387132	0.357207	0.331763	0.309796	0.923127	11	8025875101
20782107	226.134734	58.282126	250	0	0.140577	0	0.038391	0.02646	0.17672	0.536038	0.918187	0.995419	0.992297	0.989231	0.98626	0.983152	0.980163	0.977113	0.970497	0.963542	0.956399	0.949014	0.941383	0.93358	0.925735	0.994033	22	8025875121
20782107	119.462028	81.485817	103	63	0.112648	0	0.034781	0.026966	0.167629	0.116393	0.458418	0.992223	0.978215	0.957708	0.934832	0.909919	0.883664	0.85642	0.801789	0.74801	0.696512	0.647012	0.599769	0.555374	0.512935	0.986185	19	8025875140
20782107	127.356153	88.308149	110	76	0.113986	0	0.039092	0.031178	0.167167	0.22376	0.575182	0.991046	0.973324	0.948371	0.920986	0.89322	0.865913	0.839022	0.787454	0.738556	0.691206	0.646446	0.605376	0.567492	0.532659	0.983445	18	8025875144
20782107	64.796685	67.508996	40	29	0.121624	0	0.038254	0.025339	0.170037	0.085771	0.441025	0.981403	0.92279	0.846472	0.774876	0.709313	0.650175	0.596918	0.505818	0.430741	0.369375	0.319127	0.277721	0.242827	0.213792	0.957557	14	8025875145
20782107	126.082806	87.441339	108	74	0.115196	0	0.037288	0.026728	0.163225	0.204666	0.547102	0.991195	0.97374	0.949743	0.923227	0.895841	0.868389	0.841786	0.789221	0.738763	0.690924	0.646047	0.60433	0.565252	0.528892	0.983707	18	8025875146
20782107	128.490404	91.647138	109	82	0.119819	0	0.041303	0.027768	0.164128	0.296793	0.649811	0.989616	0.968479	0.93926	0.909071	0.878756	0.848644	0.819888	0.766869	0.717741	0.672659	0.631408	0.593846	0.559566	0.528119	0.980589	17	8025875166
20782107	83.007495	73.014755	59	39	0.1318	0	0.037134	0.028158	0.173158	0.090038	0.460288	0.989238	0.961764	0.91776	0.869228	0.819761	0.770773	0.723497	0.637276	0.561548	0.495164	0.437689	0.388028	0.344381	0.306555	0.977602	16	8025875170
20782107	237.505219	43.611017	250	0	0.114867	0	0.035414	0.028419	0.16408	0.562633	0.905413	0.996829	0.994593	0.993178	0.991797	0.99035	0.988903	0.987349	0.984253	0.981034	0.977614	0.973946	0.970174	0.966423	0.962618	0.995813	24	8034209115
20782107	156.984754	84.907434	163	87	0.119268	0	0.035866	0.026263	0.168441	0.215861	0.565699	0.995122	0.986933	0.975746	0.963588	0.949883	0.935178	0.919757	0.886793	0.852423	0.817898	0.783167	0.749243	0.716196	0.683984	0.99153	21	8034209228
20782107	131.360204	89.216202	116	81	0.115483	0	0.03915	0.025193	0.16551	0.242448	0.587784	0.99105	0.974494	0.95126	0.925808	0.89887	0.871924	0.84556	0.795732	0.747995	0.703093	0.660503	0.620786	0.584114	0.550223	0.983957	18	8034209281
20782107	223.022847	61.131861	250	0	0.129127	0	0.039551	0.026322	0.17063	0.520721	0.886351	0.995338	0.991409	0.988211	0.985131	0.981999	0.978665	0.975196	0.967778	0.959826	0.951434	0.942876	0.934092	0.925304	0.916423	0.993608	22	8034209465
20782107	114.211184	85.776726	91	63	0.117248	0	0.038116	0.026459	0.164179	0.194311	0.540314	0.991675	0.9728	0.943213	0.910766	0.87779	0.844235	0.811063	0.747828	0.690002	0.636345	0.58785	0.543904	0.504156	0.467791	0.983624	18	8034209589
20782107	78.400468	67.057638	58	36	0.115061	0	0.036644	0.025999	0.164981	0.054627	0.397312	0.990555	0.964683	0.924586	0.878814	0.831	0.782816	0.735798	0.645482	0.562982	0.489439	0.425247	0.369819	0.3221	0.280944	0.979666	17	8034209773
20782107	46.780114	46.589814	33	21	0.117804	0	0.032581	0.026914	0.169678	0.013004	0.359981	0.983165	0.926569	0.842913	0.758749	0.679306	0.60572	0.538484	0.424015	0.334506	0.26503	0.21148	0.169408	0.136415	0.110988	0.959932	14	8034209790
20782107	67.205645	68.841535	42	30	0.12131	0	0.039761	0.026764	0.165353	0.098092	0.45128	0.984655	0.93353	0.861546	0.790782	0.724979	0.664609	0.610059	0.517203	0.442269	0.381384	0.331294	0.289787	0.255135	0.225974	0.9634	14	8034209803
20782107	109.431825	81.4437	87	56	0.12069	0	0.03576	0.025944	0.169977	0.131737	0.484108	0.992362	0.975019	0.949354	0.919634	0.887401	0.854227	0.82084	0.755939	0.694512	0.637187	0.584044	0.534732	0.490171	0.450028	0.984942	18	8034209818
20782107	21.210628	30.394469	11	8	0.12203	0	0.039609	0.026357	0.165895	0.009105	0.362996	0.943987	0.742861	0.551516	0.418889	0.325669	0.258896	0.20952	0.143328	0.102585	0.075998	0.05805	0.045391	0.036209	0.029315	0.863652	9	8034209834
